@Frequencies
TTT=5.79109988896e-05
TTC=6.27369154637e-05
TTA=6.14882031347e-05
TTG=8.49122805193e-05
CTT=7.61282515e-05
CTC=8.24722724584e-05
CTA=6.66122200625e-05
CTG=9.19883038959e-05
ATT=5.76122568422e-05
ATC=6.24132782457e-05
ATA=5.04107247369e-05
ATG=6.36905205226e-05
GTT=0.000207222838706
GTC=0.000224491408598
GTA=0.000181319983868
GTG=0.000250394263437
TCT=0.00160461870083
TCC=0.0017383369259
TCA=0.00140404136322
TCG=0.0019389142635
CCT=0.000132170948015
CCC=0.000143185193683
CCA=0.000115649579513
CCG=0.000159706562184
ACT=0.000180996201551
ACC=0.000196079218347
ACA=0.000158371676357
ACG=0.00021870374354
GCT=0.235654832064
GCC=0.255292734736
GCA=0.206197978056
GCG=0.284749588744
TAT=4.86828463709e-05
TAC=5.27397502352e-05
CAT=5.24842773206e-05
CAC=5.68579670974e-05
CAA=4.93648213706e-05
CAG=6.8170467607e-05
AAT=4.75226645109e-05
AAC=5.14828865535e-05
AAA=3.86460647484e-05
AAG=5.33683751288e-05
GAT=6.22495394611e-05
GAC=6.74370010829e-05
GAA=5.76028096108e-05
GAG=7.95467370816e-05
TGT=0.000124426692811
TGC=0.000134795583879
TGG=7.76091963138e-05
CGT=7.89290570826e-05
CGC=8.55064785062e-05
CGA=6.90629249473e-05
CGG=9.53726106415e-05
AGT=0.0015660461359
AGC=0.00169654998056
AGA=5.57815932267e-05
AGG=7.70317239797e-05
GGT=0.000860404587641
GGC=0.000932104969945
GGA=0.000752854014186
GGG=0.0010396555434
@Matrix
	TTT	TTC	TTA	TTG	CTT	CTC	CTA	CTG	ATT	ATC	ATA	ATG	GTT	GTC	GTA	GTG	TCT	TCC	TCA	TCG	CCT	CCC	CCA	CCG	ACT	ACC	ACA	ACG	GCT	GCC	GCA	GCG	TAT	TAC	CAT	CAC	CAA	CAG	AAT	AAC	AAA	AAG	GAT	GAC	GAA	GAG	TGT	TGC	TGG	CGT	CGC	CGA	CGG	AGT	AGC	AGA	AGG	GGT	GGC	GGA	GGG	
TTT	0	C*0.332	A*0.2*1.09985195658*0.092	G*0.2*1.09985195658*0.133	C*0.2*1.09985195658*0.332	0	0	0	A*0.2*1.06555233441*0.092	0	0	0	G*0.2*1.63916473447*0.133	0	0	0	C*0.2*3.37359108339*0.332	0	0	0	0	0	0	0	0	0	0	0	0	0	0	0	A*0.2*0.980109057962*0.092	0	0	0	0	0	0	0	0	0	0	0	0	0	G*0.2*1.31523895476*0.133	0	0	0	0	0	0	0	0	0	0	0	0	0	0	
TTC	T*0.332	0	A*0.2*1.09985195658*0.135	G*0.2*1.09985195658*0.095	0	C*0.2*1.09985195658*0.332	0	0	0	A*0.2*1.06555233441*0.092	0	0	0	G*0.2*1.63916473447*0.133	0	0	0	C*0.2*3.37359108339*0.332	0	0	0	0	0	0	0	0	0	0	0	0	0	0	0	A*0.2*0.980109057962*0.092	0	0	0	0	0	0	0	0	0	0	0	0	0	G*0.2*1.31523895476*0.133	0	0	0	0	0	0	0	0	0	0	0	0	0	
TTA	T*0.2*0.906382556578*0.092	C*0.2*0.906382556578*0.135	0	G*0.212	0	0	C*0.332	0	0	0	A*0.2*0.96779825105*0.092	0	0	0	G*0.2*1.51155587944*0.133	0	0	0	C*0.2*3.20004225583*0.332	0	0	0	0	0	0	0	0	0	0	0	0	0	0	0	0	0	0	0	0	0	0	0	0	0	0	0	0	0	0	0	0	0	0	0	0	0	0	0	0	0	0	
TTG	T*0.2*0.906382556578*0.133	C*0.2*0.906382556578*0.095	A*0.212	0	0	0	0	C*0.332	0	0	0	A*0.2*0.924951076171*0.092	0	0	0	G*0.2*1.51155587944*0.133	0	0	0	C*0.2*3.20004225583*0.332	0	0	0	0	0	0	0	0	0	0	0	0	0	0	0	0	0	0	0	0	0	0	0	0	0	0	0	0	G*0.2*0.866899059676*0.133	0	0	0	0	0	0	0	0	0	0	0	0	
CTT	T*0.2*0.906382556578*0.332	0	0	0	0	C*0.332	A*0.092	G*0.133	A*0.2*0.96779825105*0.135	0	0	0	G*0.2*1.51155587944*0.095	0	0	0	0	0	0	0	C*0.2*1.25428519368*0.332	0	0	0	0	0	0	0	0	0	0	0	0	0	A*0.2*0.885543517856*0.092	0	0	0	0	0	0	0	0	0	0	0	0	0	0	G*0.2*0.925396844155*0.133	0	0	0	0	0	0	0	0	0	0	0	
CTC	0	T*0.2*0.906382556578*0.332	0	0	T*0.332	0	A*0.135	G*0.095	0	A*0.2*0.96779825105*0.135	0	0	0	G*0.2*1.51155587944*0.095	0	0	0	0	0	0	0	C*0.2*1.25428519368*0.332	0	0	0	0	0	0	0	0	0	0	0	0	0	A*0.2*0.885543517856*0.092	0	0	0	0	0	0	0	0	0	0	0	0	0	0	G*0.2*0.925396844155*0.133	0	0	0	0	0	0	0	0	0	0	
CTA	0	0	T*0.332	0	T*0.092	C*0.135	0	G*0.212	0	0	A*0.2*0.96779825105*0.135	0	0	0	G*0.2*1.51155587944*0.095	0	0	0	0	0	0	0	C*0.2*1.25428519368*0.332	0	0	0	0	0	0	0	0	0	0	0	0	0	A*0.2*0.91923925882*0.092	0	0	0	0	0	0	0	0	0	0	0	0	0	0	G*0.2*0.925396844155*0.133	0	0	0	0	0	0	0	0	0	
CTG	0	0	0	T*0.332	T*0.133	C*0.095	A*0.212	0	0	0	0	A*0.2*0.924951076171*0.135	0	0	0	G*0.2*1.51155587944*0.095	0	0	0	0	0	0	0	C*0.2*1.25428519368*0.332	0	0	0	0	0	0	0	0	0	0	0	0	0	A*0.2*0.91923925882*0.092	0	0	0	0	0	0	0	0	0	0	0	0	0	0	G*0.2*0.925396844155*0.133	0	0	0	0	0	0	0	0	
ATT	T*0.2*0.937192934413*0.092	0	0	0	C*0.2*1.03290825105*0.135	0	0	0	0	C*0.332	A*0.092	G*0.2*0.956188330454*0.133	G*0.2*1.55386788823*0.212	0	0	0	0	0	0	0	0	0	0	0	C*0.2*1.62507626248*0.332	0	0	0	0	0	0	0	0	0	0	0	0	0	A*0.2*0.970791438976*0.092	0	0	0	0	0	0	0	0	0	0	0	0	0	0	G*0.2*3.25816592124*0.133	0	0	0	0	0	0	0	
ATC	0	T*0.2*0.937192934413*0.092	0	0	0	C*0.2*1.03290825105*0.135	0	0	T*0.332	0	A*0.135	G*0.2*0.956188330454*0.095	0	G*0.2*1.55386788823*0.212	0	0	0	0	0	0	0	0	0	0	0	C*0.2*1.62507626248*0.332	0	0	0	0	0	0	0	0	0	0	0	0	0	A*0.2*0.970791438976*0.092	0	0	0	0	0	0	0	0	0	0	0	0	0	0	G*0.2*3.25816592124*0.133	0	0	0	0	0	0	
ATA	0	0	T*0.2*1.03290825105*0.092	0	0	0	C*0.2*1.03290825105*0.135	0	T*0.092	C*0.135	0	G*0.2*0.956188330454*0.212	0	0	G*0.2*1.55386788823*0.212	0	0	0	0	0	0	0	0	0	0	0	C*0.2*1.62507626248*0.332	0	0	0	0	0	0	0	0	0	0	0	0	0	A*0.2*0.935342787117*0.092	0	0	0	0	0	0	0	0	0	0	0	0	0	0	G*0.2*0.956644279384*0.133	0	0	0	0	0	
ATG	0	0	0	T*0.2*1.07900267617*0.092	0	0	0	C*0.2*1.07900267617*0.135	T*0.2*1.04512993045*0.133	C*0.2*1.04512993045*0.095	A*0.2*1.04512993045*0.212	0	0	0	0	G*0.2*1.61270795734*0.212	0	0	0	0	0	0	0	0	0	0	0	C*0.2*1.68534219825*0.332	0	0	0	0	0	0	0	0	0	0	0	0	0	A*0.2*0.978513134941*0.092	0	0	0	0	0	0	0	0	0	0	0	0	0	0	G*0.2*1.00046987357*0.133	0	0	0	0	
GTT	T*0.2*0.553519334467*0.133	0	0	0	C*0.2*0.619379879444*0.095	0	0	0	A*0.2*0.596581888229*0.212	0	0	0	0	C*0.332	A*0.092	G*0.133	0	0	0	0	0	0	0	0	0	0	0	0	C*0.2*6.96291907218*0.332	0	0	0	0	0	0	0	0	0	0	0	0	0	A*0.2*0.558927468641*0.092	0	0	0	0	0	0	0	0	0	0	0	0	0	0	G*0.2*1.74104294155*0.133	0	0	0	
GTC	0	T*0.2*0.553519334467*0.133	0	0	0	C*0.2*0.619379879444*0.095	0	0	0	A*0.2*0.596581888229*0.212	0	0	T*0.332	0	A*0.135	G*0.095	0	0	0	0	0	0	0	0	0	0	0	0	0	C*0.2*6.96291907218*0.332	0	0	0	0	0	0	0	0	0	0	0	0	0	A*0.2*0.558927468641*0.092	0	0	0	0	0	0	0	0	0	0	0	0	0	0	G*0.2*1.74104294155*0.133	0	0	
GTA	0	0	T*0.2*0.619379879444*0.133	0	0	0	C*0.2*0.619379879444*0.095	0	0	0	A*0.2*0.596581888229*0.212	0	T*0.092	C*0.135	0	G*0.212	0	0	0	0	0	0	0	0	0	0	0	0	0	0	C*0.2*6.96291907218*0.332	0	0	0	0	0	0	0	0	0	0	0	0	0	A*0.2*0.577532313495*0.092	0	0	0	0	0	0	0	0	0	0	0	0	0	0	G*0.2*1.74104294155*0.133	0	
GTG	0	0	0	T*0.2*0.619379879444*0.133	0	0	0	C*0.2*0.619379879444*0.095	0	0	0	A*0.2*0.566480357336*0.212	T*0.133	C*0.095	A*0.212	0	0	0	0	0	0	0	0	0	0	0	0	0	0	0	0	C*0.2*6.96291907218*0.332	0	0	0	0	0	0	0	0	0	0	0	0	0	A*0.2*0.577532313495*0.092	0	0	0	0	0	0	0	0	0	0	0	0	0	0	G*0.2*1.74104294155*0.133	
TCT	T*0.2*0.131899683394*0.332	0	0	0	0	0	0	0	0	0	0	0	0	0	0	0	0	C*0.332	A*0.092	G*0.133	C*0.2*0.212026704147*0.332	0	0	0	A*0.2*0.303173573624*0.092	0	0	0	G*0.2*4.84006293501*0.133	0	0	0	A*0.2*0.128082567146*0.135	0	0	0	0	0	0	0	0	0	0	0	0	0	G*0.2*0.199200720736*0.095	0	0	0	0	0	0	0	0	0	0	0	0	0	0	
TCC	0	T*0.2*0.131899683394*0.332	0	0	0	0	0	0	0	0	0	0	0	0	0	0	T*0.332	0	A*0.135	G*0.095	0	C*0.2*0.212026704147*0.332	0	0	0	A*0.2*0.303173573624*0.092	0	0	0	G*0.2*4.84006293501*0.133	0	0	0	A*0.2*0.128082567146*0.135	0	0	0	0	0	0	0	0	0	0	0	0	0	G*0.2*0.199200720736*0.095	0	0	0	0	0	0	0	0	0	0	0	0	0	
TCA	0	0	T*0.2*0.151820255826*0.332	0	0	0	0	0	0	0	0	0	0	0	0	0	T*0.092	C*0.135	0	G*0.212	0	0	C*0.2*0.212026704147*0.332	0	0	0	A*0.2*0.303173573624*0.092	0	0	0	G*0.2*4.84006293501*0.133	0	0	0	0	0	0	0	0	0	0	0	0	0	0	0	0	0	0	0	0	0	0	0	0	0	0	0	0	0	0	
TCG	0	0	0	T*0.2*0.151820255826*0.332	0	0	0	0	0	0	0	0	0	0	0	0	T*0.133	C*0.095	A*0.212	0	0	0	0	C*0.2*0.212026704147*0.332	0	0	0	A*0.2*0.303173573624*0.092	0	0	0	G*0.2*4.84006293501*0.133	0	0	0	0	0	0	0	0	0	0	0	0	0	0	0	0	G*0.2*0.123852939212*0.095	0	0	0	0	0	0	0	0	0	0	0	0	
CCT	0	0	0	0	T*0.2*0.782651193684*0.332	0	0	0	0	0	0	0	0	0	0	0	T*0.2*2.78861470415*0.332	0	0	0	0	C*0.332	A*0.092	G*0.133	A*0.2*1.2870977558*0.135	0	0	0	G*0.2*7.38144570022*0.095	0	0	0	0	0	A*0.2*0.686656354324*0.135	0	0	0	0	0	0	0	0	0	0	0	0	0	0	G*0.2*0.719942994303*0.095	0	0	0	0	0	0	0	0	0	0	0	
CCC	0	0	0	0	0	T*0.2*0.782651193684*0.332	0	0	0	0	0	0	0	0	0	0	0	T*0.2*2.78861470415*0.332	0	0	T*0.332	0	A*0.135	G*0.095	0	A*0.2*1.2870977558*0.135	0	0	0	G*0.2*7.38144570022*0.095	0	0	0	0	0	A*0.2*0.686656354324*0.135	0	0	0	0	0	0	0	0	0	0	0	0	0	0	G*0.2*0.719942994303*0.095	0	0	0	0	0	0	0	0	0	0	
CCA	0	0	0	0	0	0	T*0.2*0.782651193684*0.332	0	0	0	0	0	0	0	0	0	0	0	T*0.2*2.78861470415*0.332	0	T*0.092	C*0.135	0	G*0.212	0	0	A*0.2*1.2870977558*0.135	0	0	0	G*0.2*7.38144570022*0.095	0	0	0	0	0	A*0.2*0.714790173106*0.135	0	0	0	0	0	0	0	0	0	0	0	0	0	0	G*0.2*0.719942994303*0.095	0	0	0	0	0	0	0	0	0	
CCG	0	0	0	0	0	0	0	T*0.2*0.782651193684*0.332	0	0	0	0	0	0	0	0	0	0	0	T*0.2*2.78861470415*0.332	T*0.133	C*0.095	A*0.212	0	0	0	0	A*0.2*1.2870977558*0.135	0	0	0	G*0.2*7.38144570022*0.095	0	0	0	0	0	A*0.2*0.714790173106*0.135	0	0	0	0	0	0	0	0	0	0	0	0	0	0	G*0.2*0.719942994303*0.095	0	0	0	0	0	0	0	0	
ACT	0	0	0	0	0	0	0	0	T*0.2*0.560378262482*0.332	0	0	0	0	0	0	0	T*0.2*2.35180757362*0.092	0	0	0	C*0.2*0.759143755803*0.135	0	0	0	0	C*0.332	A*0.092	G*0.133	G*0.2*6.8561459665*0.212	0	0	0	0	0	0	0	0	0	A*0.2*0.541226751736*0.135	0	0	0	0	0	0	0	0	0	0	0	0	0	0	G*0.2*2.35180757362*0.095	0	0	0	0	0	0	0	
ACC	0	0	0	0	0	0	0	0	0	T*0.2*0.560378262482*0.332	0	0	0	0	0	0	0	T*0.2*2.35180757362*0.092	0	0	0	C*0.2*0.759143755803*0.135	0	0	T*0.332	0	A*0.135	G*0.095	0	G*0.2*6.8561459665*0.212	0	0	0	0	0	0	0	0	0	A*0.2*0.541226751736*0.135	0	0	0	0	0	0	0	0	0	0	0	0	0	0	G*0.2*2.35180757362*0.095	0	0	0	0	0	0	
ACA	0	0	0	0	0	0	0	0	0	0	T*0.2*0.560378262482*0.332	0	0	0	0	0	0	0	T*0.2*2.35180757362*0.092	0	0	0	C*0.2*0.759143755803*0.135	0	T*0.092	C*0.135	0	G*0.212	0	0	G*0.2*6.8561459665*0.212	0	0	0	0	0	0	0	0	0	A*0.2*0.518166382389*0.135	0	0	0	0	0	0	0	0	0	0	0	0	0	0	G*0.2*0.531999452658*0.095	0	0	0	0	0	
ACG	0	0	0	0	0	0	0	0	0	0	0	T*0.2*0.53170259825*0.332	0	0	0	0	0	0	0	T*0.2*2.35180757362*0.092	0	0	0	C*0.2*0.759143755803*0.135	T*0.133	C*0.095	A*0.212	0	0	0	0	G*0.2*6.8561459665*0.212	0	0	0	0	0	0	0	0	0	A*0.2*0.518166382389*0.135	0	0	0	0	0	0	0	0	0	0	0	0	0	0	G*0.2*0.531999452658*0.095	0	0	0	0	
GCT	0	0	0	0	0	0	0	0	0	0	0	0	T*0.2*0.00663307217925*0.332	0	0	0	T*0.2*0.039822935005*0.133	0	0	0	C*0.2*0.00461770021756*0.095	0	0	0	A*0.2*0.00727196650165*0.212	0	0	0	0	C*0.332	A*0.092	G*0.133	0	0	0	0	0	0	0	0	0	0	A*0.2*0.00262556331698*0.135	0	0	0	0	0	0	0	0	0	0	0	0	0	0	G*0.2*0.0187917601083*0.095	0	0	0	
GCC	0	0	0	0	0	0	0	0	0	0	0	0	0	T*0.2*0.00663307217925*0.332	0	0	0	T*0.2*0.039822935005*0.133	0	0	0	C*0.2*0.00461770021756*0.095	0	0	0	A*0.2*0.00727196650165*0.212	0	0	T*0.332	0	A*0.135	G*0.095	0	0	0	0	0	0	0	0	0	0	0	A*0.2*0.00262556331698*0.135	0	0	0	0	0	0	0	0	0	0	0	0	0	0	G*0.2*0.0187917601083*0.095	0	0	
GCA	0	0	0	0	0	0	0	0	0	0	0	0	0	0	T*0.2*0.00663307217925*0.332	0	0	0	T*0.2*0.039822935005*0.133	0	0	0	C*0.2*0.00461770021756*0.095	0	0	0	A*0.2*0.00727196650165*0.212	0	T*0.092	C*0.135	0	G*0.212	0	0	0	0	0	0	0	0	0	0	0	0	A*0.2*0.00275734887111*0.135	0	0	0	0	0	0	0	0	0	0	0	0	0	0	G*0.2*0.0187917601083*0.095	0	
GCG	0	0	0	0	0	0	0	0	0	0	0	0	0	0	0	T*0.2*0.00663307217925*0.332	0	0	0	T*0.2*0.039822935005*0.133	0	0	0	C*0.2*0.00461770021756*0.095	0	0	0	A*0.2*0.00727196650165*0.212	T*0.133	C*0.095	A*0.212	0	0	0	0	0	0	0	0	0	0	0	0	0	0	A*0.2*0.00275734887111*0.135	0	0	0	0	0	0	0	0	0	0	0	0	0	0	G*0.2*0.0187917601083*0.095	
TAT	T*0.2*1.02015825796*0.092	0	0	0	0	0	0	0	0	0	0	0	0	0	0	0	C*0.2*3.40982316715*0.135	0	0	0	0	0	0	0	0	0	0	0	0	0	0	0	0	C*0.332	C*0.2*0.997574064899*0.332	0	0	0	A*0.2*1.05570307223*0.092	0	0	0	G*0.2*1.0285579831*0.133	0	0	0	G*0.2*1.33919258199*0.212	0	0	0	0	0	0	0	0	0	0	0	0	0	0	
TAC	0	T*0.2*1.02015825796*0.092	0	0	0	0	0	0	0	0	0	0	0	0	0	0	0	C*0.2*3.40982316715*0.135	0	0	0	0	0	0	0	0	0	0	0	0	0	0	T*0.332	0	0	C*0.2*0.997574064899*0.332	0	0	0	A*0.2*1.05570307223*0.092	0	0	0	G*0.2*1.0285579831*0.133	0	0	0	G*0.2*1.33919258199*0.212	0	0	0	0	0	0	0	0	0	0	0	0	0	
CAT	0	0	0	0	T*0.2*1.12391791786*0.092	0	0	0	0	0	0	0	0	0	0	0	0	0	0	0	C*0.2*1.39666475432*0.135	0	0	0	0	0	0	0	0	0	0	0	T*0.2*1.0024298649*0.332	0	0	C*0.332	A*0.2*1.0365629372*0.092	G*0.2*1.0365629372*0.133	A*0.2*1.05822144604*0.135	0	0	0	G*0.2*1.03103363458*0.095	0	0	0	0	0	0	G*0.2*1.04323693302*0.212	0	0	0	0	0	0	0	0	0	0	0	
CAC	0	0	0	0	0	T*0.2*1.12391791786*0.092	0	0	0	0	0	0	0	0	0	0	0	0	0	0	0	C*0.2*1.39666475432*0.135	0	0	0	0	0	0	0	0	0	0	0	T*0.2*1.0024298649*0.332	T*0.332	0	A*0.2*1.0365629372*0.135	G*0.2*1.0365629372*0.095	0	A*0.2*1.05822144604*0.135	0	0	0	G*0.2*1.03103363458*0.095	0	0	0	0	0	0	G*0.2*1.04323693302*0.212	0	0	0	0	0	0	0	0	0	0	
CAA	0	0	0	0	0	0	T*0.2*1.08535785882*0.092	0	0	0	0	0	0	0	0	0	0	0	0	0	0	0	C*0.2*1.35254277311*0.135	0	0	0	0	0	0	0	0	0	0	0	T*0.2*0.964307137199*0.092	C*0.2*0.964307137199*0.135	0	G*0.212	0	0	A*0.2*0.984471717511*0.135	0	0	0	G*0.2*1.02273675073*0.095	0	0	0	0	0	0	G*0.2*1.0065173976*0.212	0	0	0	0	0	0	0	0	0	
CAG	0	0	0	0	0	0	0	T*0.2*1.08535785882*0.092	0	0	0	0	0	0	0	0	0	0	0	0	0	0	0	C*0.2*1.35254277311*0.135	0	0	0	0	0	0	0	0	0	0	T*0.2*0.964307137199*0.133	C*0.2*0.964307137199*0.095	A*0.212	0	0	0	0	A*0.2*0.984471717511*0.135	0	0	0	G*0.2*1.02273675073*0.095	0	0	0	0	0	0	G*0.2*1.0065173976*0.212	0	0	0	0	0	0	0	0	
AAT	0	0	0	0	0	0	0	0	T*0.2*1.02978863898*0.092	0	0	0	0	0	0	0	0	0	0	0	0	0	0	0	C*0.2*1.66492195174*0.135	0	0	0	0	0	0	0	T*0.2*0.946291672231*0.092	0	C*0.2*0.943954246038*0.135	0	0	0	0	C*0.332	A*0.2*0.96383165102*0.092	G*0.2*0.96383165102*0.133	G*0.2*0.973818064453*0.212	0	0	0	0	0	0	0	0	0	0	G*0.2*3.31108303846*0.212	0	0	0	0	0	0	0	
AAC	0	0	0	0	0	0	0	0	0	T*0.2*1.02978863898*0.092	0	0	0	0	0	0	0	0	0	0	0	0	0	0	0	C*0.2*1.66492195174*0.135	0	0	0	0	0	0	0	T*0.2*0.946291672231*0.092	0	C*0.2*0.943954246038*0.135	0	0	T*0.332	0	A*0.2*0.96383165102*0.135	G*0.2*0.96383165102*0.095	0	G*0.2*0.973818064453*0.212	0	0	0	0	0	0	0	0	0	0	G*0.2*3.31108303846*0.212	0	0	0	0	0	0	
AAA	0	0	0	0	0	0	0	0	0	0	T*0.2*1.06757038712*0.092	0	0	0	0	0	0	0	0	0	0	0	0	0	0	0	C*0.2*1.71509198239*0.135	0	0	0	0	0	0	0	0	0	C*0.2*1.01569071751*0.135	0	T*0.2*1.03706205102*0.092	C*0.2*1.03706205102*0.135	0	G*0.212	0	0	G*0.2*1.03866226785*0.212	0	0	0	0	0	0	0	0	0	0	G*0.2*1.02227578666*0.212	0	0	0	0	0	
AAG	0	0	0	0	0	0	0	0	0	0	0	T*0.2*1.02179913494*0.092	0	0	0	0	0	0	0	0	0	0	0	0	0	0	0	C*0.2*1.71509198239*0.135	0	0	0	0	0	0	0	0	0	C*0.2*1.01569071751*0.135	T*0.2*1.03706205102*0.133	C*0.2*1.03706205102*0.095	A*0.212	0	0	0	0	G*0.2*1.03866226785*0.212	0	0	0	0	0	0	0	0	0	0	G*0.2*1.02227578666*0.212	0	0	0	0	
GAT	0	0	0	0	0	0	0	0	0	0	0	0	T*0.2*1.62803966864*0.092	0	0	0	0	0	0	0	0	0	0	0	0	0	0	0	C*0.2*8.02802376332*0.135	0	0	0	T*0.2*0.971975583097*0.133	0	C*0.2*0.969595434581*0.095	0	0	0	A*0.2*1.02664706445*0.212	0	0	0	0	C*0.332	A*0.2*1.02823666818*0.092	G*0.2*1.02823666818*0.133	0	0	0	0	0	0	0	0	0	0	0	G*0.2*2.55916637899*0.212	0	0	0	
GAC	0	0	0	0	0	0	0	0	0	0	0	0	0	T*0.2*1.62803966864*0.092	0	0	0	0	0	0	0	0	0	0	0	0	0	0	0	C*0.2*8.02802376332*0.135	0	0	0	T*0.2*0.971975583097*0.133	0	C*0.2*0.969595434581*0.095	0	0	0	A*0.2*1.02664706445*0.212	0	0	T*0.332	0	A*0.2*1.02823666818*0.135	G*0.2*1.02823666818*0.095	0	0	0	0	0	0	0	0	0	0	0	0	G*0.2*2.55916637899*0.212	0	0	
GAA	0	0	0	0	0	0	0	0	0	0	0	0	0	0	T*0.2*1.59069291349*0.092	0	0	0	0	0	0	0	0	0	0	0	0	0	0	0	C*0.2*7.97220394887*0.135	0	0	0	0	0	C*0.2*0.977602750733*0.095	0	0	0	A*0.2*0.962309267854*0.212	0	T*0.2*0.972285068184*0.092	C*0.2*0.972285068184*0.135	0	G*0.212	0	0	0	0	0	0	0	0	0	0	0	0	0	G*0.2*2.5130567875*0.212	0	
GAG	0	0	0	0	0	0	0	0	0	0	0	0	0	0	0	T*0.2*1.59069291349*0.092	0	0	0	0	0	0	0	0	0	0	0	0	0	0	0	C*0.2*7.97220394887*0.135	0	0	0	0	0	C*0.2*0.977602750733*0.095	0	0	0	A*0.2*0.962309267854*0.212	T*0.2*0.972285068184*0.133	C*0.2*0.972285068184*0.095	A*0.212	0	0	0	0	0	0	0	0	0	0	0	0	0	0	0	G*0.2*2.5130567875*0.212	
TGT	T*0.2*0.739671554759*0.133	0	0	0	0	0	0	0	0	0	0	0	0	0	0	0	C*0.2*2.86532472074*0.095	0	0	0	0	0	0	0	0	0	0	0	0	0	0	0	A*0.2*0.723575981989*0.212	0	0	0	0	0	0	0	0	0	0	0	0	0	0	C*0.332	G*0.2*0.705540901345*0.133	C*0.2*0.756152620604*0.332	0	0	0	A*0.2*2.86532472074*0.092	0	0	0	G*0.2*2.11381683141*0.133	0	0	0	
TGC	0	T*0.2*0.739671554759*0.133	0	0	0	0	0	0	0	0	0	0	0	0	0	0	0	C*0.2*2.86532472074*0.095	0	0	0	0	0	0	0	0	0	0	0	0	0	0	0	A*0.2*0.723575981989*0.212	0	0	0	0	0	0	0	0	0	0	0	0	T*0.332	0	G*0.2*0.705540901345*0.095	0	C*0.2*0.756152620604*0.332	0	0	0	A*0.2*2.86532472074*0.092	0	0	0	G*0.2*2.11381683141*0.133	0	0	
TGG	0	0	0	T*0.2*1.14607385968*0.133	0	0	0	0	0	0	0	0	0	0	0	0	0	0	0	C*0.2*3.45124973921*0.095	0	0	0	0	0	0	0	0	0	0	0	0	0	0	0	0	0	0	0	0	0	0	0	0	0	0	T*0.2*1.36681370134*0.133	C*0.2*1.36681370134*0.095	0	0	0	0	C*0.2*1.0643553685*0.332	0	0	0	A*0.2*1.0643553685*0.092	0	0	0	G*0.2*2.64422835676*0.133	
CGT	0	0	0	0	T*0.2*1.07850884416*0.133	0	0	0	0	0	0	0	0	0	0	0	0	0	0	0	C*0.2*1.3446889943*0.095	0	0	0	0	0	0	0	0	0	0	0	0	0	A*0.2*0.957974533017*0.212	0	0	0	0	0	0	0	0	0	0	0	T*0.2*1.2913626206*0.332	0	0	0	C*0.332	A*0.092	G*0.133	A*0.2*3.33718361491*0.135	0	0	0	G*0.2*2.53949402043*0.095	0	0	0	
CGC	0	0	0	0	0	T*0.2*1.07850884416*0.133	0	0	0	0	0	0	0	0	0	0	0	0	0	0	0	C*0.2*1.3446889943*0.095	0	0	0	0	0	0	0	0	0	0	0	0	0	A*0.2*0.957974533017*0.212	0	0	0	0	0	0	0	0	0	0	0	T*0.2*1.2913626206*0.332	0	T*0.332	0	A*0.135	G*0.095	0	A*0.2*3.33718361491*0.135	0	0	0	G*0.2*2.53949402043*0.095	0	0	
CGA	0	0	0	0	0	0	T*0.2*1.07850884416*0.133	0	0	0	0	0	0	0	0	0	0	0	0	0	0	0	C*0.2*1.3446889943*0.095	0	0	0	0	0	0	0	0	0	0	0	0	0	A*0.2*0.993510797597*0.212	0	0	0	0	0	0	0	0	0	0	0	0	T*0.092	C*0.135	0	G*0.212	0	0	A*0.135	0	0	0	G*0.2*2.53949402043*0.095	0	
CGG	0	0	0	0	0	0	0	T*0.2*1.07850884416*0.133	0	0	0	0	0	0	0	0	0	0	0	0	0	0	0	C*0.2*1.3446889943*0.095	0	0	0	0	0	0	0	0	0	0	0	0	0	A*0.2*0.993510797597*0.212	0	0	0	0	0	0	0	0	0	0	T*0.2*0.938292568497*0.332	T*0.133	C*0.095	A*0.212	0	0	0	0	A*0.135	0	0	0	G*0.2*2.53949402043*0.095	
AGT	0	0	0	0	0	0	0	0	T*0.2*0.144833921236*0.133	0	0	0	0	0	0	0	0	0	0	0	0	0	0	0	C*0.2*0.303173573624*0.095	0	0	0	0	0	0	0	0	0	0	0	0	0	A*0.2*0.138753838458*0.212	0	0	0	0	0	0	0	T*0.2*0.199200720736*0.092	0	0	C*0.2*0.135849614908*0.135	0	0	0	0	C*0.332	A*0.2*0.135849614908*0.092	G*0.2*0.135849614908*0.133	G*0.2*0.608968741261*0.212	0	0	0	
AGC	0	0	0	0	0	0	0	0	0	T*0.2*0.144833921236*0.133	0	0	0	0	0	0	0	0	0	0	0	0	0	0	0	C*0.2*0.303173573624*0.095	0	0	0	0	0	0	0	0	0	0	0	0	0	A*0.2*0.138753838458*0.212	0	0	0	0	0	0	0	T*0.2*0.199200720736*0.092	0	0	C*0.2*0.135849614908*0.135	0	0	T*0.332	0	A*0.2*0.135849614908*0.135	G*0.2*0.135849614908*0.095	0	G*0.2*0.608968741261*0.212	0	0	
AGA	0	0	0	0	0	0	0	0	0	0	T*0.2*1.04464627938*0.133	0	0	0	0	0	0	0	0	0	0	0	0	0	0	0	C*0.2*1.68469945266*0.095	0	0	0	0	0	0	0	0	0	0	0	0	0	A*0.2*0.978050186662*0.212	0	0	0	0	0	0	0	0	0	0	C*0.135	0	T*0.2*3.33718361491*0.092	C*0.2*3.33718361491*0.135	0	G*0.212	0	0	G*0.2*2.53949402043*0.212	0	
AGG	0	0	0	0	0	0	0	0	0	0	0	T*0.2*0.999530273571*0.133	0	0	0	0	0	0	0	0	0	0	0	0	0	0	0	C*0.2*1.68469945266*0.095	0	0	0	0	0	0	0	0	0	0	0	0	0	A*0.2*0.978050186662*0.212	0	0	0	0	0	0	T*0.2*0.938292568497*0.092	0	0	0	C*0.135	T*0.2*3.33718361491*0.133	C*0.2*3.33718361491*0.095	A*0.212	0	0	0	0	G*0.2*2.53949402043*0.212	
GGT	0	0	0	0	0	0	0	0	0	0	0	0	T*0.2*0.506676941549*0.133	0	0	0	0	0	0	0	0	0	0	0	0	0	0	0	C*0.2*5.74071176011*0.095	0	0	0	0	0	0	0	0	0	0	0	0	0	A*0.2*0.255688178991*0.212	0	0	0	T*0.2*0.369372831411*0.133	0	0	C*0.2*0.259840020434*0.095	0	0	0	A*0.2*1.53064874126*0.212	0	0	0	0	C*0.332	A*0.092	G*0.133	
GGC	0	0	0	0	0	0	0	0	0	0	0	0	0	T*0.2*0.506676941549*0.133	0	0	0	0	0	0	0	0	0	0	0	0	0	0	0	C*0.2*5.74071176011*0.095	0	0	0	0	0	0	0	0	0	0	0	0	0	A*0.2*0.255688178991*0.212	0	0	0	T*0.2*0.369372831411*0.133	0	0	C*0.2*0.259840020434*0.095	0	0	0	A*0.2*1.53064874126*0.212	0	0	T*0.332	0	A*0.135	G*0.095	
GGA	0	0	0	0	0	0	0	0	0	0	0	0	0	0	T*0.2*0.506676941549*0.133	0	0	0	0	0	0	0	0	0	0	0	0	0	0	0	C*0.2*5.74071176011*0.095	0	0	0	0	0	0	0	0	0	0	0	0	0	A*0.2*0.265530187499*0.212	0	0	0	0	0	0	C*0.2*0.259840020434*0.095	0	0	0	A*0.2*0.259840020434*0.212	0	T*0.092	C*0.135	0	G*0.212	
GGG	0	0	0	0	0	0	0	0	0	0	0	0	0	0	0	T*0.2*0.506676941549*0.133	0	0	0	0	0	0	0	0	0	0	0	0	0	0	0	C*0.2*5.74071176011*0.095	0	0	0	0	0	0	0	0	0	0	0	0	0	A*0.2*0.265530187499*0.212	0	0	T*0.2*0.238511556756*0.133	0	0	0	C*0.2*0.259840020434*0.095	0	0	0	A*0.2*0.259840020434*0.212	T*0.133	C*0.095	A*0.212	0	
@Multipliers
A=0.21
C=0.24
T=0.26
G=0.29
