@Frequencies
TTT=0.0121771333946
TTC=0.0131918945108
TTA=0.0108631402316
TTG=0.0150014793675
CTT=0.0134496021915
CTC=0.0145704023741
CTA=0.0117684019176
CTG=0.0162516026481
ATT=0.0107926400878
ATC=0.0116920267618
ATA=0.00944356007686
ATG=0.0129256313722
GTT=0.0164013954682
GTC=0.0177681784239
GTA=0.0143512210347
GTG=0.0198183528574
TCT=0.0182428227512
TCC=0.0197630579805
TCA=0.0159624699073
TCG=0.0220434108244
CCT=0.0152740549862
CCC=0.0165468929017
CCA=0.0133647981129
CCG=0.018456149775
ACT=0.0130055597114
ACC=0.0140893563541
ACA=0.0113798647475
ACG=0.015715051318
GCT=0.0356246469516
GCC=0.0385933675309
GCA=0.0311715660827
GCG=0.0430464483999
TAT=0.0106124046666
TAC=0.0114967717222
CAT=0.0114911904749
CAC=0.0124487896812
CAA=0.0101277064758
CAG=0.0139858803713
AAT=0.00938800974344
AAC=0.0101703438887
AAA=0.0081545730737
AAG=0.0112610771018
GAT=0.0128960854021
GAC=0.0139707591856
GAA=0.0113473878888
GAG=0.0156702023227
TGT=0.0155857747109
TGC=0.0168845892702
TGG=0.01762773194
CGT=0.0160046663791
CGC=0.0173383885773
CGA=0.0140040830817
CGG=0.0193389718747
AGT=0.0178042933582
AGC=0.0192879844714
AGA=0.0113109901814
AGG=0.0156199388219
GGT=0.0224220538273
GGC=0.0242905583129
GGA=0.0196192970989
GGG=0.0270933150413
@Matrix
	TTT	TTC	TTA	TTG	CTT	CTC	CTA	CTG	ATT	ATC	ATA	ATG	GTT	GTC	GTA	GTG	TCT	TCC	TCA	TCG	CCT	CCC	CCA	CCG	ACT	ACC	ACA	ACG	GCT	GCC	GCA	GCG	TAT	TAC	CAT	CAC	CAA	CAG	AAT	AAC	AAA	AAG	GAT	GAC	GAA	GAG	TGT	TGC	TGG	CGT	CGC	CGA	CGG	AGT	AGC	AGA	AGG	GGT	GGC	GGA	GGG	
TTT	0	C*0.332	A*0.2*1.00970466181*0.092	G*0.2*1.00970466181*0.133	C*0.2*1.00970466181*0.332	0	0	0	A*0.2*1.00643170008*0.092	0	0	0	G*0.2*1.05526426539*0.133	0	0	0	C*0.2*1.17082640673*0.332	0	0	0	0	0	0	0	0	0	0	0	0	0	0	0	A*0.2*0.997998876615*0.092	0	0	0	0	0	0	0	0	0	0	0	0	0	G*0.2*1.02905441962*0.133	0	0	0	0	0	0	0	0	0	0	0	0	0	0	
TTC	T*0.332	0	A*0.2*1.00970466181*0.135	G*0.2*1.00970466181*0.095	0	C*0.2*1.00970466181*0.332	0	0	0	A*0.2*1.00643170008*0.092	0	0	0	G*0.2*1.05526426539*0.133	0	0	0	C*0.2*1.17082640673*0.332	0	0	0	0	0	0	0	0	0	0	0	0	0	0	0	A*0.2*0.997998876615*0.092	0	0	0	0	0	0	0	0	0	0	0	0	0	G*0.2*1.02905441962*0.133	0	0	0	0	0	0	0	0	0	0	0	0	0	
TTA	T*0.2*0.990357721813*0.092	C*0.2*0.990357721813*0.135	0	G*0.212	0	0	C*0.332	0	0	0	A*0.2*0.996748032758*0.092	0	0	0	G*0.2*1.04527202703*0.133	0	0	0	C*0.2*1.16014218331*0.332	0	0	0	0	0	0	0	0	0	0	0	0	0	0	0	0	0	0	0	0	0	0	0	0	0	0	0	0	0	0	0	0	0	0	0	0	0	0	0	0	0	0	
TTG	T*0.2*0.990357721813*0.133	C*0.2*0.990357721813*0.095	A*0.212	0	0	0	0	C*0.332	0	0	0	A*0.2*0.992317196501*0.092	0	0	0	G*0.2*1.04527202703*0.133	0	0	0	C*0.2*1.16014218331*0.332	0	0	0	0	0	0	0	0	0	0	0	0	0	0	0	0	0	0	0	0	0	0	0	0	0	0	0	0	G*0.2*0.986106207964*0.133	0	0	0	0	0	0	0	0	0	0	0	0	
CTT	T*0.2*0.990357721813*0.332	0	0	0	0	C*0.332	A*0.092	G*0.133	A*0.2*0.996748032758*0.135	0	0	0	G*0.2*1.04527202703*0.095	0	0	0	0	0	0	0	C*0.2*1.02376705865*0.332	0	0	0	0	0	0	0	0	0	0	0	0	0	A*0.2*0.988128631514*0.092	0	0	0	0	0	0	0	0	0	0	0	0	0	0	G*0.2*0.992363935994*0.133	0	0	0	0	0	0	0	0	0	0	0	
CTC	0	T*0.2*0.990357721813*0.332	0	0	T*0.332	0	A*0.135	G*0.095	0	A*0.2*0.996748032758*0.135	0	0	0	G*0.2*1.04527202703*0.095	0	0	0	0	0	0	0	C*0.2*1.02376705865*0.332	0	0	0	0	0	0	0	0	0	0	0	0	0	A*0.2*0.988128631514*0.092	0	0	0	0	0	0	0	0	0	0	0	0	0	0	G*0.2*0.992363935994*0.133	0	0	0	0	0	0	0	0	0	0	
CTA	0	0	T*0.332	0	T*0.092	C*0.135	0	G*0.212	0	0	A*0.2*0.996748032758*0.135	0	0	0	G*0.2*1.04527202703*0.095	0	0	0	0	0	0	0	C*0.2*1.02376705865*0.332	0	0	0	0	0	0	0	0	0	0	0	0	0	A*0.2*0.991717066052*0.092	0	0	0	0	0	0	0	0	0	0	0	0	0	0	G*0.2*0.992363935994*0.133	0	0	0	0	0	0	0	0	0	
CTG	0	0	0	T*0.332	T*0.133	C*0.095	A*0.212	0	0	0	0	A*0.2*0.992317196501*0.135	0	0	0	G*0.2*1.04527202703*0.095	0	0	0	0	0	0	0	C*0.2*1.02376705865*0.332	0	0	0	0	0	0	0	0	0	0	0	0	0	A*0.2*0.991717066052*0.092	0	0	0	0	0	0	0	0	0	0	0	0	0	0	G*0.2*0.992363935994*0.133	0	0	0	0	0	0	0	0	
ATT	T*0.2*0.993595760075*0.092	0	0	0	C*0.2*1.00325903276*0.135	0	0	0	0	C*0.332	A*0.092	G*0.2*0.995559512165*0.133	G*0.2*1.04862784713*0.212	0	0	0	0	0	0	0	0	0	0	0	C*0.2*1.0541793731*0.332	0	0	0	0	0	0	0	0	0	0	0	0	0	A*0.2*0.997053040556*0.092	0	0	0	0	0	0	0	0	0	0	0	0	0	0	G*0.2*1.16373094473*0.133	0	0	0	0	0	0	0	
ATC	0	T*0.2*0.993595760075*0.092	0	0	0	C*0.2*1.00325903276*0.135	0	0	T*0.332	0	A*0.135	G*0.2*0.995559512165*0.095	0	G*0.2*1.04862784713*0.212	0	0	0	0	0	0	0	0	0	0	0	C*0.2*1.0541793731*0.332	0	0	0	0	0	0	0	0	0	0	0	0	0	A*0.2*0.997053040556*0.092	0	0	0	0	0	0	0	0	0	0	0	0	0	0	G*0.2*1.16373094473*0.133	0	0	0	0	0	0	
ATA	0	0	T*0.2*1.00325903276*0.092	0	0	0	C*0.2*1.00325903276*0.135	0	T*0.092	C*0.135	0	G*0.2*0.995559512165*0.212	0	0	G*0.2*1.04862784713*0.212	0	0	0	0	0	0	0	0	0	0	0	C*0.2*1.0541793731*0.332	0	0	0	0	0	0	0	0	0	0	0	0	0	A*0.2*0.993403190073*0.092	0	0	0	0	0	0	0	0	0	0	0	0	0	0	G*0.2*0.995606353618*0.133	0	0	0	0	0	
ATG	0	0	0	T*0.2*1.0077223565*0.092	0	0	0	C*0.2*1.0077223565*0.135	T*0.2*1.00445367216*0.133	C*0.2*1.00445367216*0.095	A*0.2*1.00445367216*0.212	0	0	0	0	G*0.2*1.0532233738*0.212	0	0	0	0	0	0	0	0	0	0	0	C*0.2*1.05879080434*0.332	0	0	0	0	0	0	0	0	0	0	0	0	0	A*0.2*0.997837261398*0.092	0	0	0	0	0	0	0	0	0	0	0	0	0	0	G*0.2*1.00004698074*0.133	0	0	0	0	
GTT	T*0.2*0.946699725394*0.133	0	0	0	C*0.2*0.956054427032*0.095	0	0	0	A*0.2*0.952899247127*0.212	0	0	0	0	C*0.332	A*0.092	G*0.133	0	0	0	0	0	0	0	0	0	0	0	0	C*0.2*1.38781771132*0.332	0	0	0	0	0	0	0	0	0	0	0	0	0	A*0.2*0.947496709345*0.092	0	0	0	0	0	0	0	0	0	0	0	0	0	0	G*0.2*1.06298769387*0.133	0	0	0	
GTC	0	T*0.2*0.946699725394*0.133	0	0	0	C*0.2*0.956054427032*0.095	0	0	0	A*0.2*0.952899247127*0.212	0	0	T*0.332	0	A*0.135	G*0.095	0	0	0	0	0	0	0	0	0	0	0	0	0	C*0.2*1.38781771132*0.332	0	0	0	0	0	0	0	0	0	0	0	0	0	A*0.2*0.947496709345*0.092	0	0	0	0	0	0	0	0	0	0	0	0	0	0	G*0.2*1.06298769387*0.133	0	0	
GTA	0	0	T*0.2*0.956054427032*0.133	0	0	0	C*0.2*0.956054427032*0.095	0	0	0	A*0.2*0.952899247127*0.212	0	T*0.092	C*0.135	0	G*0.212	0	0	0	0	0	0	0	0	0	0	0	0	0	0	C*0.2*1.38781771132*0.332	0	0	0	0	0	0	0	0	0	0	0	0	0	A*0.2*0.950197235691*0.092	0	0	0	0	0	0	0	0	0	0	0	0	0	0	G*0.2*1.06298769387*0.133	0	
GTG	0	0	0	T*0.2*0.956054427032*0.133	0	0	0	C*0.2*0.956054427032*0.095	0	0	0	A*0.2*0.948600613795*0.212	T*0.133	C*0.095	A*0.212	0	0	0	0	0	0	0	0	0	0	0	0	0	0	0	0	C*0.2*1.38781771132*0.332	0	0	0	0	0	0	0	0	0	0	0	0	0	A*0.2*0.950197235691*0.092	0	0	0	0	0	0	0	0	0	0	0	0	0	0	G*0.2*1.06298769387*0.133	
TCT	T*0.2*0.846657266732*0.332	0	0	0	0	0	0	0	0	0	0	0	0	0	0	0	0	C*0.332	A*0.092	G*0.133	C*0.2*0.876696826408*0.332	0	0	0	A*0.2*0.901063273778*0.092	0	0	0	G*0.2*1.25914057956*0.133	0	0	0	A*0.2*0.844871752745*0.135	0	0	0	0	0	0	0	0	0	0	0	0	0	G*0.2*0.872610308571*0.095	0	0	0	0	0	0	0	0	0	0	0	0	0	0	
TCC	0	T*0.2*0.846657266732*0.332	0	0	0	0	0	0	0	0	0	0	0	0	0	0	T*0.332	0	A*0.135	G*0.095	0	C*0.2*0.876696826408*0.332	0	0	0	A*0.2*0.901063273778*0.092	0	0	0	G*0.2*1.25914057956*0.133	0	0	0	A*0.2*0.844871752745*0.135	0	0	0	0	0	0	0	0	0	0	0	0	0	G*0.2*0.872610308571*0.095	0	0	0	0	0	0	0	0	0	0	0	0	0	
TCA	0	0	T*0.2*0.855319983309*0.332	0	0	0	0	0	0	0	0	0	0	0	0	0	T*0.092	C*0.135	0	G*0.212	0	0	C*0.2*0.876696826408*0.332	0	0	0	A*0.2*0.901063273778*0.092	0	0	0	G*0.2*1.25914057956*0.133	0	0	0	0	0	0	0	0	0	0	0	0	0	0	0	0	0	0	0	0	0	0	0	0	0	0	0	0	0	0	
TCG	0	0	0	T*0.2*0.855319983309*0.332	0	0	0	0	0	0	0	0	0	0	0	0	T*0.133	C*0.095	A*0.212	0	0	0	0	C*0.2*0.876696826408*0.332	0	0	0	A*0.2*0.901063273778*0.092	0	0	0	G*0.2*1.25914057956*0.133	0	0	0	0	0	0	0	0	0	0	0	0	0	0	0	0	G*0.2*0.842839487691*0.095	0	0	0	0	0	0	0	0	0	0	0	0	
CCT	0	0	0	0	T*0.2*0.976603658653*0.332	0	0	0	0	0	0	0	0	0	0	0	T*0.2*1.13435562641*0.332	0	0	0	0	C*0.332	A*0.092	G*0.133	A*0.2*1.02662996873*0.135	0	0	0	G*0.2*1.41378336206*0.095	0	0	0	0	0	A*0.2*0.964919637982*0.135	0	0	0	0	0	0	0	0	0	0	0	0	0	0	G*0.2*0.969087935147*0.095	0	0	0	0	0	0	0	0	0	0	0	
CCC	0	0	0	0	0	T*0.2*0.976603658653*0.332	0	0	0	0	0	0	0	0	0	0	0	T*0.2*1.13435562641*0.332	0	0	T*0.332	0	A*0.135	G*0.095	0	A*0.2*1.02662996873*0.135	0	0	0	G*0.2*1.41378336206*0.095	0	0	0	0	0	A*0.2*0.964919637982*0.135	0	0	0	0	0	0	0	0	0	0	0	0	0	0	G*0.2*0.969087935147*0.095	0	0	0	0	0	0	0	0	0	0	
CCA	0	0	0	0	0	0	T*0.2*0.976603658653*0.332	0	0	0	0	0	0	0	0	0	0	0	T*0.2*1.13435562641*0.332	0	T*0.092	C*0.135	0	G*0.212	0	0	A*0.2*1.02662996873*0.135	0	0	0	G*0.2*1.41378336206*0.095	0	0	0	0	0	A*0.2*0.968451287342*0.135	0	0	0	0	0	0	0	0	0	0	0	0	0	0	G*0.2*0.969087935147*0.095	0	0	0	0	0	0	0	0	0	
CCG	0	0	0	0	0	0	0	T*0.2*0.976603658653*0.332	0	0	0	0	0	0	0	0	0	0	0	T*0.2*1.13435562641*0.332	T*0.133	C*0.095	A*0.212	0	0	0	0	A*0.2*1.02662996873*0.135	0	0	0	G*0.2*1.41378336206*0.095	0	0	0	0	0	A*0.2*0.968451287342*0.135	0	0	0	0	0	0	0	0	0	0	0	0	0	0	G*0.2*0.969087935147*0.095	0	0	0	0	0	0	0	0	
ACT	0	0	0	0	0	0	0	0	T*0.2*0.947709573101*0.332	0	0	0	0	0	0	0	T*0.2*1.10592667378*0.092	0	0	0	C*0.2*0.973834568732*0.135	0	0	0	0	C*0.332	A*0.092	G*0.133	G*0.2*1.38123070908*0.212	0	0	0	0	0	0	0	0	0	A*0.2*0.944867261042*0.135	0	0	0	0	0	0	0	0	0	0	0	0	0	0	G*0.2*1.10592667378*0.095	0	0	0	0	0	0	0	
ACC	0	0	0	0	0	0	0	0	0	T*0.2*0.947709573101*0.332	0	0	0	0	0	0	0	T*0.2*1.10592667378*0.092	0	0	0	C*0.2*0.973834568732*0.135	0	0	T*0.332	0	A*0.135	G*0.095	0	G*0.2*1.38123070908*0.212	0	0	0	0	0	0	0	0	0	A*0.2*0.944867261042*0.135	0	0	0	0	0	0	0	0	0	0	0	0	0	0	G*0.2*1.10592667378*0.095	0	0	0	0	0	0	
ACA	0	0	0	0	0	0	0	0	0	0	T*0.2*0.947709573101*0.332	0	0	0	0	0	0	0	T*0.2*1.10592667378*0.092	0	0	0	C*0.2*0.973834568732*0.135	0	T*0.092	C*0.135	0	G*0.212	0	0	G*0.2*1.38123070908*0.212	0	0	0	0	0	0	0	0	0	A*0.2*0.941347294114*0.135	0	0	0	0	0	0	0	0	0	0	0	0	0	0	G*0.2*0.943472019279*0.095	0	0	0	0	0	
ACG	0	0	0	0	0	0	0	0	0	0	0	T*0.2*0.943426844343*0.332	0	0	0	0	0	0	0	T*0.2*1.10592667378*0.092	0	0	0	C*0.2*0.973834568732*0.135	T*0.133	C*0.095	A*0.212	0	0	0	0	G*0.2*1.38123070908*0.212	0	0	0	0	0	0	0	0	0	A*0.2*0.941347294114*0.135	0	0	0	0	0	0	0	0	0	0	0	0	0	0	G*0.2*0.943472019279*0.095	0	0	0	0	
GCT	0	0	0	0	0	0	0	0	0	0	0	0	T*0.2*0.692189111324*0.332	0	0	0	T*0.2*0.779116579556*0.133	0	0	0	C*0.2*0.676100562064*0.095	0	0	0	A*0.2*0.696343309077*0.212	0	0	0	0	C*0.332	A*0.092	G*0.133	0	0	0	0	0	0	0	0	0	0	A*0.2*0.651835151057*0.135	0	0	0	0	0	0	0	0	0	0	0	0	0	0	G*0.2*0.741039912141*0.095	0	0	0	
GCC	0	0	0	0	0	0	0	0	0	0	0	0	0	T*0.2*0.692189111324*0.332	0	0	0	T*0.2*0.779116579556*0.133	0	0	0	C*0.2*0.676100562064*0.095	0	0	0	A*0.2*0.696343309077*0.212	0	0	T*0.332	0	A*0.135	G*0.095	0	0	0	0	0	0	0	0	0	0	0	A*0.2*0.651835151057*0.135	0	0	0	0	0	0	0	0	0	0	0	0	0	0	G*0.2*0.741039912141*0.095	0	0	
GCA	0	0	0	0	0	0	0	0	0	0	0	0	0	0	T*0.2*0.692189111324*0.332	0	0	0	T*0.2*0.779116579556*0.133	0	0	0	C*0.2*0.676100562064*0.095	0	0	0	A*0.2*0.696343309077*0.212	0	T*0.092	C*0.135	0	G*0.212	0	0	0	0	0	0	0	0	0	0	0	0	A*0.2*0.653902494416*0.135	0	0	0	0	0	0	0	0	0	0	0	0	0	0	G*0.2*0.741039912141*0.095	0	
GCG	0	0	0	0	0	0	0	0	0	0	0	0	0	0	0	T*0.2*0.692189111324*0.332	0	0	0	T*0.2*0.779116579556*0.133	0	0	0	C*0.2*0.676100562064*0.095	0	0	0	A*0.2*0.696343309077*0.212	T*0.133	C*0.095	A*0.212	0	0	0	0	0	0	0	0	0	0	0	0	0	0	A*0.2*0.653902494416*0.135	0	0	0	0	0	0	0	0	0	0	0	0	0	0	G*0.2*0.741039912141*0.095	
TAT	T*0.2*1.00200379661*0.092	0	0	0	0	0	0	0	0	0	0	0	0	0	0	0	C*0.2*1.17304581275*0.135	0	0	0	0	0	0	0	0	0	0	0	0	0	0	0	0	C*0.332	C*0.2*0.999757229649*0.332	0	0	0	A*0.2*1.00548054569*0.092	0	0	0	G*0.2*1.00283178797*0.133	0	0	0	G*0.2*1.03109662989*0.212	0	0	0	0	0	0	0	0	0	0	0	0	0	0	
TAC	0	T*0.2*1.00200379661*0.092	0	0	0	0	0	0	0	0	0	0	0	0	0	0	0	C*0.2*1.17304581275*0.135	0	0	0	0	0	0	0	0	0	0	0	0	0	0	T*0.332	0	0	C*0.2*0.999757229649*0.332	0	0	0	A*0.2*1.00548054569*0.092	0	0	0	G*0.2*1.00283178797*0.133	0	0	0	G*0.2*1.03109662989*0.212	0	0	0	0	0	0	0	0	0	0	0	0	0	
CAT	0	0	0	0	T*0.2*1.01196607151*0.092	0	0	0	0	0	0	0	0	0	0	0	0	0	0	0	C*0.2*1.03592047798*0.135	0	0	0	0	0	0	0	0	0	0	0	T*0.2*1.00024280965*0.332	0	0	C*0.332	A*0.2*1.00361714075*0.092	G*0.2*1.00361714075*0.133	A*0.2*1.0057242408*0.135	0	0	0	G*0.2*1.00307505554*0.095	0	0	0	0	0	0	G*0.2*1.00426917806*0.212	0	0	0	0	0	0	0	0	0	0	0	
CAC	0	0	0	0	0	T*0.2*1.01196607151*0.092	0	0	0	0	0	0	0	0	0	0	0	0	0	0	0	C*0.2*1.03592047798*0.135	0	0	0	0	0	0	0	0	0	0	0	T*0.2*1.00024280965*0.332	T*0.332	0	A*0.2*1.00361714075*0.135	G*0.2*1.00361714075*0.095	0	A*0.2*1.0057242408*0.135	0	0	0	G*0.2*1.00307505554*0.095	0	0	0	0	0	0	G*0.2*1.00426917806*0.212	0	0	0	0	0	0	0	0	0	0	
CAA	0	0	0	0	0	0	T*0.2*1.00832892605*0.092	0	0	0	0	0	0	0	0	0	0	0	0	0	0	0	C*0.2*1.03222654734*0.135	0	0	0	0	0	0	0	0	0	0	0	T*0.2*0.996391560747*0.092	C*0.2*0.996391560747*0.135	0	G*0.212	0	0	A*0.2*0.998439862188*0.135	0	0	0	G*0.2*1.00225839756*0.095	0	0	0	0	0	0	G*0.2*1.00065047098*0.212	0	0	0	0	0	0	0	0	0	
CAG	0	0	0	0	0	0	0	T*0.2*1.00832892605*0.092	0	0	0	0	0	0	0	0	0	0	0	0	0	0	0	C*0.2*1.03222654734*0.135	0	0	0	0	0	0	0	0	0	0	T*0.2*0.996391560747*0.133	C*0.2*0.996391560747*0.095	A*0.212	0	0	0	0	A*0.2*0.998439862188*0.135	0	0	0	G*0.2*1.00225839756*0.095	0	0	0	0	0	0	G*0.2*1.00065047098*0.212	0	0	0	0	0	0	0	0	
AAT	0	0	0	0	0	0	0	0	T*0.2*1.00295276056*0.092	0	0	0	0	0	0	0	0	0	0	0	0	0	0	0	C*0.2*1.05723678104*0.135	0	0	0	0	0	0	0	T*0.2*0.994539405692*0.092	0	C*0.2*0.994297520804*0.135	0	0	0	0	C*0.332	A*0.2*0.996342948906*0.092	G*0.2*0.996342948906*0.133	G*0.2*0.997360875752*0.212	0	0	0	0	0	0	0	0	0	0	G*0.2*1.16698882109*0.212	0	0	0	0	0	0	0	
AAC	0	0	0	0	0	0	0	0	0	T*0.2*1.00295276056*0.092	0	0	0	0	0	0	0	0	0	0	0	0	0	0	0	C*0.2*1.05723678104*0.135	0	0	0	0	0	0	0	T*0.2*0.994539405692*0.092	0	C*0.2*0.994297520804*0.135	0	0	T*0.332	0	A*0.2*0.996342948906*0.135	G*0.2*0.996342948906*0.095	0	G*0.2*0.997360875752*0.212	0	0	0	0	0	0	0	0	0	0	G*0.2*1.16698882109*0.212	0	0	0	0	0	0	
AAA	0	0	0	0	0	0	0	0	0	0	T*0.2*1.00662595007*0.092	0	0	0	0	0	0	0	0	0	0	0	0	0	0	0	C*0.2*1.06103985411*0.135	0	0	0	0	0	0	0	0	0	C*0.2*1.00156176219*0.135	0	T*0.2*1.00366598891*0.092	C*0.2*1.00366598891*0.135	0	G*0.212	0	0	G*0.2*1.00382250815*0.212	0	0	0	0	0	0	0	0	0	0	G*0.2*1.00221290992*0.212	0	0	0	0	0	
AAG	0	0	0	0	0	0	0	0	0	0	0	T*0.2*1.0021658614*0.092	0	0	0	0	0	0	0	0	0	0	0	0	0	0	0	C*0.2*1.06103985411*0.135	0	0	0	0	0	0	0	0	0	C*0.2*1.00156176219*0.135	T*0.2*1.00366598891*0.133	C*0.2*1.00366598891*0.095	A*0.212	0	0	0	0	G*0.2*1.00382250815*0.212	0	0	0	0	0	0	0	0	0	0	G*0.2*1.00221290992*0.212	0	0	0	0	
GAT	0	0	0	0	0	0	0	0	0	0	0	0	T*0.2*1.05440792934*0.092	0	0	0	0	0	0	0	0	0	0	0	0	0	0	0	C*0.2*1.45437497106*0.135	0	0	0	T*0.2*0.997173547972*0.133	0	C*0.2*0.996931235542*0.095	0	0	0	A*0.2*1.00264377575*0.212	0	0	0	0	C*0.332	A*0.2*1.00280018882*0.092	G*0.2*1.00280018882*0.133	0	0	0	0	0	0	0	0	0	0	0	G*0.2*1.1195916812*0.212	0	0	0	
GAC	0	0	0	0	0	0	0	0	0	0	0	0	0	T*0.2*1.05440792934*0.092	0	0	0	0	0	0	0	0	0	0	0	0	0	0	0	C*0.2*1.45437497106*0.135	0	0	0	T*0.2*0.997173547972*0.133	0	C*0.2*0.996931235542*0.095	0	0	0	A*0.2*1.00264377575*0.212	0	0	T*0.332	0	A*0.2*1.00280018882*0.135	G*0.2*1.00280018882*0.095	0	0	0	0	0	0	0	0	0	0	0	0	G*0.2*1.1195916812*0.212	0	0	
GAA	0	0	0	0	0	0	0	0	0	0	0	0	0	0	T*0.2*1.05151329569*0.092	0	0	0	0	0	0	0	0	0	0	0	0	0	0	0	C*0.2*1.45084715442*0.135	0	0	0	0	0	C*0.2*0.997744997564*0.095	0	0	0	A*0.2*0.996187208146*0.212	0	T*0.2*0.997205028817*0.092	C*0.2*0.997205028817*0.135	0	G*0.212	0	0	0	0	0	0	0	0	0	0	0	0	0	G*0.2*1.11658227016*0.212	0	
GAG	0	0	0	0	0	0	0	0	0	0	0	0	0	0	0	T*0.2*1.05151329569*0.092	0	0	0	0	0	0	0	0	0	0	0	0	0	0	0	C*0.2*1.45084715442*0.135	0	0	0	0	0	C*0.2*0.997744997564*0.095	0	0	0	A*0.2*0.996187208146*0.212	T*0.2*0.997205028817*0.133	C*0.2*0.997205028817*0.095	A*0.212	0	0	0	0	0	0	0	0	0	0	0	0	0	0	0	G*0.2*1.11658227016*0.212	
TGT	T*0.2*0.971497679619*0.133	0	0	0	0	0	0	0	0	0	0	0	0	0	0	0	C*0.2*1.13922270857*0.095	0	0	0	0	0	0	0	0	0	0	0	0	0	0	0	A*0.2*0.969534969885*0.212	0	0	0	0	0	0	0	0	0	0	0	0	0	0	C*0.332	G*0.2*0.967300734875*0.133	C*0.2*0.973478196725*0.332	0	0	0	A*0.2*1.13922270857*0.092	0	0	0	G*0.2*1.08975681883*0.133	0	0	0	
TGC	0	T*0.2*0.971497679619*0.133	0	0	0	0	0	0	0	0	0	0	0	0	0	0	0	C*0.2*1.13922270857*0.095	0	0	0	0	0	0	0	0	0	0	0	0	0	0	0	A*0.2*0.969534969885*0.212	0	0	0	0	0	0	0	0	0	0	0	0	T*0.332	0	G*0.2*0.967300734875*0.095	0	C*0.2*0.973478196725*0.332	0	0	0	A*0.2*1.13922270857*0.092	0	0	0	G*0.2*1.08975681883*0.133	0	0	
TGG	0	0	0	T*0.2*1.01402368796*0.133	0	0	0	0	0	0	0	0	0	0	0	0	0	0	0	C*0.2*1.17557916769*0.095	0	0	0	0	0	0	0	0	0	0	0	0	0	0	0	0	0	0	0	0	0	0	0	0	0	0	T*0.2*1.03342801488*0.133	C*0.2*1.03342801488*0.095	0	0	0	0	C*0.2*1.00631638316*0.332	0	0	0	A*0.2*1.00631638316*0.092	0	0	0	G*0.2*1.12510408877*0.133	
CGT	0	0	0	0	T*0.2*1.00767513599*0.133	0	0	0	0	0	0	0	0	0	0	0	0	0	0	0	C*0.2*1.03156253515*0.095	0	0	0	0	0	0	0	0	0	0	0	0	0	A*0.2*0.995742938057*0.212	0	0	0	0	0	0	0	0	0	0	0	T*0.2*1.02699919672*0.332	0	0	0	C*0.332	A*0.092	G*0.133	A*0.2*1.16859259713*0.135	0	0	0	G*0.2*1.11830963897*0.095	0	0	0	
CGC	0	0	0	0	0	T*0.2*1.00767513599*0.133	0	0	0	0	0	0	0	0	0	0	0	0	0	0	0	C*0.2*1.03156253515*0.095	0	0	0	0	0	0	0	0	0	0	0	0	0	A*0.2*0.995742938057*0.212	0	0	0	0	0	0	0	0	0	0	0	T*0.2*1.02699919672*0.332	0	T*0.332	0	A*0.135	G*0.095	0	A*0.2*1.16859259713*0.135	0	0	0	G*0.2*1.11830963897*0.095	0	0	
CGA	0	0	0	0	0	0	T*0.2*1.00767513599*0.133	0	0	0	0	0	0	0	0	0	0	0	0	0	0	0	C*0.2*1.03156253515*0.095	0	0	0	0	0	0	0	0	0	0	0	0	0	A*0.2*0.999349810976*0.212	0	0	0	0	0	0	0	0	0	0	0	0	T*0.092	C*0.135	0	G*0.212	0	0	A*0.135	0	0	0	G*0.2*1.11830963897*0.095	0	
CGG	0	0	0	0	0	0	0	T*0.2*1.00767513599*0.133	0	0	0	0	0	0	0	0	0	0	0	0	0	0	0	C*0.2*1.03156253515*0.095	0	0	0	0	0	0	0	0	0	0	0	0	0	A*0.2*0.999349810976*0.212	0	0	0	0	0	0	0	0	0	0	T*0.2*0.993710103156*0.332	T*0.133	C*0.095	A*0.212	0	0	0	0	A*0.135	0	0	0	G*0.2*1.11830963897*0.095	
AGT	0	0	0	0	0	0	0	0	T*0.2*0.852397744733*0.133	0	0	0	0	0	0	0	0	0	0	0	0	0	0	0	C*0.2*0.901063273778*0.095	0	0	0	0	0	0	0	0	0	0	0	0	0	A*0.2*0.849755901094*0.212	0	0	0	0	0	0	0	T*0.2*0.872610308571*0.092	0	0	C*0.2*0.848459197133*0.135	0	0	0	0	C*0.332	A*0.2*0.848459197133*0.092	G*0.2*0.848459197133*0.133	G*0.2*0.954623811478*0.212	0	0	0	
AGC	0	0	0	0	0	0	0	0	0	T*0.2*0.852397744733*0.133	0	0	0	0	0	0	0	0	0	0	0	0	0	0	0	C*0.2*0.901063273778*0.095	0	0	0	0	0	0	0	0	0	0	0	0	0	A*0.2*0.849755901094*0.212	0	0	0	0	0	0	0	T*0.2*0.872610308571*0.092	0	0	C*0.2*0.848459197133*0.135	0	0	T*0.332	0	A*0.2*0.848459197133*0.135	G*0.2*0.848459197133*0.095	0	G*0.2*0.954623811478*0.212	0	0	
AGA	0	0	0	0	0	0	0	0	0	0	T*0.2*1.00440655362*0.133	0	0	0	0	0	0	0	0	0	0	0	0	0	0	0	C*0.2*1.05874201928*0.095	0	0	0	0	0	0	0	0	0	0	0	0	0	A*0.2*0.997790349919*0.212	0	0	0	0	0	0	0	0	0	0	C*0.135	0	T*0.2*1.16859259713*0.092	C*0.2*1.16859259713*0.135	0	G*0.212	0	0	G*0.2*1.11830963897*0.212	0	
AGG	0	0	0	0	0	0	0	0	0	0	0	T*0.2*0.999953020735*0.133	0	0	0	0	0	0	0	0	0	0	0	0	0	0	0	C*0.2*1.05874201928*0.095	0	0	0	0	0	0	0	0	0	0	0	0	0	A*0.2*0.997790349919*0.212	0	0	0	0	0	0	T*0.2*0.993710103156*0.092	0	0	0	C*0.135	T*0.2*1.16859259713*0.133	C*0.2*1.16859259713*0.095	A*0.212	0	0	0	0	G*0.2*1.11830963897*0.212	
GGT	0	0	0	0	0	0	0	0	0	0	0	0	T*0.2*0.939551093866*0.133	0	0	0	0	0	0	0	0	0	0	0	0	0	0	0	C*0.2*1.31323191214*0.095	0	0	0	0	0	0	0	0	0	0	0	0	0	A*0.2*0.889243861204*0.212	0	0	0	T*0.2*0.915312418827*0.133	0	0	C*0.2*0.890344238968*0.095	0	0	0	A*0.2*1.04679181148*0.212	0	0	0	0	C*0.332	A*0.092	G*0.133	
GGC	0	0	0	0	0	0	0	0	0	0	0	0	0	T*0.2*0.939551093866*0.133	0	0	0	0	0	0	0	0	0	0	0	0	0	0	0	C*0.2*1.31323191214*0.095	0	0	0	0	0	0	0	0	0	0	0	0	0	A*0.2*0.889243861204*0.212	0	0	0	T*0.2*0.915312418827*0.133	0	0	C*0.2*0.890344238968*0.095	0	0	0	A*0.2*1.04679181148*0.212	0	0	T*0.332	0	A*0.135	G*0.095	
GGA	0	0	0	0	0	0	0	0	0	0	0	0	0	0	T*0.2*0.939551093866*0.133	0	0	0	0	0	0	0	0	0	0	0	0	0	0	0	C*0.2*1.31323191214*0.095	0	0	0	0	0	0	0	0	0	0	0	0	0	A*0.2*0.891829610161*0.212	0	0	0	0	0	0	C*0.2*0.890344238968*0.095	0	0	0	A*0.2*0.890344238968*0.212	0	T*0.092	C*0.135	0	G*0.212	
GGG	0	0	0	0	0	0	0	0	0	0	0	0	0	0	0	T*0.2*0.939551093866*0.133	0	0	0	0	0	0	0	0	0	0	0	0	0	0	0	C*0.2*1.31323191214*0.095	0	0	0	0	0	0	0	0	0	0	0	0	0	A*0.2*0.891829610161*0.212	0	0	T*0.2*0.884532408774*0.133	0	0	0	C*0.2*0.890344238968*0.095	0	0	0	A*0.2*0.890344238968*0.212	T*0.133	C*0.095	A*0.212	0	
@Multipliers
A=0.21
C=0.24
T=0.26
G=0.29
