@Frequencies
TTT=0.0141947856161
TTC=0.0153776844175
TTA=0.01244449042
TTG=0.0171852486752
CTT=0.0154074643295
CTC=0.0166914196903
CTA=0.0134815312883
CTG=0.0186173527315
ATT=0.0124363904495
ATC=0.0134727563203
ATA=0.0108818416433
ATG=0.0150139455428
GTT=0.017339257332
GTC=0.018784195443
GTA=0.0151718501655
GTG=0.0209516026095
TCT=0.0158843493795
TCC=0.0172080451611
TCA=0.013898805707
TCG=0.0191935888335
CCT=0.0167703280336
CCC=0.0181678553698
CCA=0.0146740370294
CCG=0.020264146374
ACT=0.0136169668283
ACC=0.014751714064
ACA=0.0119148459747
ACG=0.0164538349175
GCT=0.0201373985042
GCC=0.0218155150462
GCA=0.0176202236912
GCG=0.0243326898592
TAT=0.0124154641243
TAC=0.0134500861346
CAT=0.0134494330412
CAC=0.014570219128
CAA=0.0117767602298
CAG=0.0162631450793
AAT=0.0108754235549
AAC=0.0117817088511
AAA=0.0095090295598
AAG=0.0131315170111
GAT=0.0150105100546
GAC=0.0162613858925
GAA=0.013141547147
GAG=0.018147850822
TGT=0.017251038778
TGC=0.0186886253428
TGG=0.0207076175946
CGT=0.0185888691418
CGC=0.0201379415703
CGA=0.0162652604991
CGG=0.022461550213
AGT=0.0155025140578
AGC=0.0167943902293
AGA=0.0131373257877
AGG=0.0181420213259
GGT=0.0212118248117
GGC=0.0229794768793
GGA=0.0185603467102
GGG=0.0256309549808
@Matrix
	TTT	TTC	TTA	TTG	CTT	CTC	CTA	CTG	ATT	ATC	ATA	ATG	GTT	GTC	GTA	GTG	TCT	TCC	TCA	TCG	CCT	CCC	CCA	CCG	ACT	ACC	ACA	ACG	GCT	GCC	GCA	GCG	TAT	TAC	CAT	CAC	CAA	CAG	AAT	AAC	AAA	AAG	GAT	GAC	GAA	GAG	TGT	TGC	TGG	CGT	CGC	CGA	CGG	AGT	AGC	AGA	AGG	GGT	GGC	GGA	GGG	
TTT	0	C*0.332	A*0.2*1.00096765892*0.092	G*0.2*1.00096765892*0.133	C*0.2*1.00096765892*0.332	0	0	0	A*0.2*1.0006419343*0.092	0	0	0	G*0.2*1.00543804886*0.133	0	0	0	C*0.2*1.01629602683*0.332	0	0	0	0	0	0	0	0	0	0	0	0	0	0	0	A*0.2*0.999799767366*0.092	0	0	0	0	0	0	0	0	0	0	0	0	0	G*0.2*1.00288059765*0.133	0	0	0	0	0	0	0	0	0	0	0	0	0	0	
TTC	T*0.332	0	A*0.2*1.00096765892*0.135	G*0.2*1.00096765892*0.095	0	C*0.2*1.00096765892*0.332	0	0	0	A*0.2*1.0006419343*0.092	0	0	0	G*0.2*1.00543804886*0.133	0	0	0	C*0.2*1.01629602683*0.332	0	0	0	0	0	0	0	0	0	0	0	0	0	0	0	A*0.2*0.999799767366*0.092	0	0	0	0	0	0	0	0	0	0	0	0	0	G*0.2*1.00288059765*0.133	0	0	0	0	0	0	0	0	0	0	0	0	0	
TTA	T*0.2*0.99903296492*0.092	C*0.2*0.99903296492*0.135	0	G*0.212	0	0	C*0.332	0	0	0	A*0.2*0.999674485328*0.092	0	0	0	G*0.2*1.00446751314*0.133	0	0	0	C*0.2*1.01531853928*0.332	0	0	0	0	0	0	0	0	0	0	0	0	0	0	0	0	0	0	0	0	0	0	0	0	0	0	0	0	0	0	0	0	0	0	0	0	0	0	0	0	0	0	
TTG	T*0.2*0.99903296492*0.133	C*0.2*0.99903296492*0.095	A*0.212	0	0	0	0	C*0.332	0	0	0	A*0.2*0.999229939766*0.092	0	0	0	G*0.2*1.00446751314*0.133	0	0	0	C*0.2*1.01531853928*0.332	0	0	0	0	0	0	0	0	0	0	0	0	0	0	0	0	0	0	0	0	0	0	0	0	0	0	0	0	G*0.2*0.998604775488*0.133	0	0	0	0	0	0	0	0	0	0	0	0	
CTT	T*0.2*0.99903296492*0.332	0	0	0	0	C*0.332	A*0.092	G*0.133	A*0.2*0.999674485328*0.135	0	0	0	G*0.2*1.00446751314*0.095	0	0	0	0	0	0	0	C*0.2*1.00236002365*0.332	0	0	0	0	0	0	0	0	0	0	0	0	0	A*0.2*0.99880860152*0.092	0	0	0	0	0	0	0	0	0	0	0	0	0	0	G*0.2*0.999234635361*0.133	0	0	0	0	0	0	0	0	0	0	0	
CTC	0	T*0.2*0.99903296492*0.332	0	0	T*0.332	0	A*0.135	G*0.095	0	A*0.2*0.999674485328*0.135	0	0	0	G*0.2*1.00446751314*0.095	0	0	0	0	0	0	0	C*0.2*1.00236002365*0.332	0	0	0	0	0	0	0	0	0	0	0	0	0	A*0.2*0.99880860152*0.092	0	0	0	0	0	0	0	0	0	0	0	0	0	0	G*0.2*0.999234635361*0.133	0	0	0	0	0	0	0	0	0	0	
CTA	0	0	T*0.332	0	T*0.092	C*0.135	0	G*0.212	0	0	A*0.2*0.999674485328*0.135	0	0	0	G*0.2*1.00446751314*0.095	0	0	0	0	0	0	0	C*0.2*1.00236002365*0.332	0	0	0	0	0	0	0	0	0	0	0	0	0	A*0.2*0.999169636962*0.092	0	0	0	0	0	0	0	0	0	0	0	0	0	0	G*0.2*0.999234635361*0.133	0	0	0	0	0	0	0	0	0	
CTG	0	0	0	T*0.332	T*0.133	C*0.095	A*0.212	0	0	0	0	A*0.2*0.999229939766*0.135	0	0	0	G*0.2*1.00446751314*0.095	0	0	0	0	0	0	0	C*0.2*1.00236002365*0.332	0	0	0	0	0	0	0	0	0	0	0	0	0	A*0.2*0.999169636962*0.092	0	0	0	0	0	0	0	0	0	0	0	0	0	0	G*0.2*0.999234635361*0.133	0	0	0	0	0	0	0	0	
ATT	T*0.2*0.999358340301*0.092	0	0	0	C*0.2*1.00032558533*0.135	0	0	0	0	C*0.332	A*0.092	G*0.2*0.999555357922*0.133	G*0.2*1.00479406663*0.212	0	0	0	0	0	0	0	0	0	0	0	C*0.2*1.0053329365*0.332	0	0	0	0	0	0	0	0	0	0	0	0	0	A*0.2*0.999705043005*0.092	0	0	0	0	0	0	0	0	0	0	0	0	0	0	G*0.2*1.01564743233*0.133	0	0	0	0	0	0	0	
ATC	0	T*0.2*0.999358340301*0.092	0	0	0	C*0.2*1.00032558533*0.135	0	0	T*0.332	0	A*0.135	G*0.2*0.999555357922*0.095	0	G*0.2*1.00479406663*0.212	0	0	0	0	0	0	0	0	0	0	0	C*0.2*1.0053329365*0.332	0	0	0	0	0	0	0	0	0	0	0	0	0	A*0.2*0.999705043005*0.092	0	0	0	0	0	0	0	0	0	0	0	0	0	0	G*0.2*1.01564743233*0.133	0	0	0	0	0	0	
ATA	0	0	T*0.2*1.00032558533*0.092	0	0	0	C*0.2*1.00032558533*0.135	0	T*0.092	C*0.135	0	G*0.2*0.999555357922*0.212	0	0	G*0.2*1.00479406663*0.212	0	0	0	0	0	0	0	0	0	0	0	C*0.2*1.0053329365*0.332	0	0	0	0	0	0	0	0	0	0	0	0	0	A*0.2*0.999339007701*0.092	0	0	0	0	0	0	0	0	0	0	0	0	0	0	G*0.2*0.999560054536*0.133	0	0	0	0	0	
ATG	0	0	0	T*0.2*1.00077045577*0.092	0	0	0	C*0.2*1.00077045577*0.135	T*0.2*1.00044477392*0.133	C*0.2*1.00044477392*0.095	A*0.2*1.00044477392*0.212	0	0	0	0	G*0.2*1.00524025958*0.212	0	0	0	0	0	0	0	0	0	0	0	C*0.2*1.00577928868*0.332	0	0	0	0	0	0	0	0	0	0	0	0	0	A*0.2*0.999783585614*0.092	0	0	0	0	0	0	0	0	0	0	0	0	0	0	G*0.2*1.00000469801*0.133	0	0	0	0	
GTT	T*0.2*0.994581594863*0.133	0	0	0	C*0.2*0.995545753141*0.095	0	0	0	A*0.2*0.995221206626*0.212	0	0	0	0	C*0.332	A*0.092	G*0.133	0	0	0	0	0	0	0	0	0	0	0	0	C*0.2*1.03518464677*0.332	0	0	0	0	0	0	0	0	0	0	0	0	0	A*0.2*0.994663963989*0.092	0	0	0	0	0	0	0	0	0	0	0	0	0	0	G*0.2*1.00618452713*0.133	0	0	0	
GTC	0	T*0.2*0.994581594863*0.133	0	0	0	C*0.2*0.995545753141*0.095	0	0	0	A*0.2*0.995221206626*0.212	0	0	T*0.332	0	A*0.135	G*0.095	0	0	0	0	0	0	0	0	0	0	0	0	0	C*0.2*1.03518464677*0.332	0	0	0	0	0	0	0	0	0	0	0	0	0	A*0.2*0.994663963989*0.092	0	0	0	0	0	0	0	0	0	0	0	0	0	0	G*0.2*1.00618452713*0.133	0	0	
GTA	0	0	T*0.2*0.995545753141*0.133	0	0	0	C*0.2*0.995545753141*0.095	0	0	0	A*0.2*0.995221206626*0.212	0	T*0.092	C*0.135	0	G*0.212	0	0	0	0	0	0	0	0	0	0	0	0	0	0	C*0.2*1.03518464677*0.332	0	0	0	0	0	0	0	0	0	0	0	0	0	A*0.2*0.994942751105*0.092	0	0	0	0	0	0	0	0	0	0	0	0	0	0	G*0.2*1.00618452713*0.133	0	
GTG	0	0	0	T*0.2*0.995545753141*0.133	0	0	0	C*0.2*0.995545753141*0.095	0	0	0	A*0.2*0.994777983585*0.212	T*0.133	C*0.095	A*0.212	0	0	0	0	0	0	0	0	0	0	0	0	0	0	0	0	C*0.2*1.03518464677*0.332	0	0	0	0	0	0	0	0	0	0	0	0	0	A*0.2*0.994942751105*0.092	0	0	0	0	0	0	0	0	0	0	0	0	0	0	G*0.2*1.00618452713*0.133	
TCT	T*0.2*0.983879112826*0.332	0	0	0	0	0	0	0	0	0	0	0	0	0	0	0	0	C*0.332	A*0.092	G*0.133	C*0.2*0.987172382769*0.332	0	0	0	A*0.2*0.989791803933*0.092	0	0	0	G*0.2*1.02419321183*0.133	0	0	0	A*0.2*0.9836810439*0.135	0	0	0	0	0	0	0	0	0	0	0	0	0	G*0.2*0.986728614441*0.095	0	0	0	0	0	0	0	0	0	0	0	0	0	0	
TCC	0	T*0.2*0.983879112826*0.332	0	0	0	0	0	0	0	0	0	0	0	0	0	0	T*0.332	0	A*0.135	G*0.095	0	C*0.2*0.987172382769*0.332	0	0	0	A*0.2*0.989791803933*0.092	0	0	0	G*0.2*1.02419321183*0.133	0	0	0	A*0.2*0.9836810439*0.135	0	0	0	0	0	0	0	0	0	0	0	0	0	G*0.2*0.986728614441*0.095	0	0	0	0	0	0	0	0	0	0	0	0	0	
TCA	0	0	T*0.2*0.984836319279*0.332	0	0	0	0	0	0	0	0	0	0	0	0	0	T*0.092	C*0.135	0	G*0.212	0	0	C*0.2*0.987172382769*0.332	0	0	0	A*0.2*0.989791803933*0.092	0	0	0	G*0.2*1.02419321183*0.133	0	0	0	0	0	0	0	0	0	0	0	0	0	0	0	0	0	0	0	0	0	0	0	0	0	0	0	0	0	0	
TCG	0	0	0	T*0.2*0.984836319279*0.332	0	0	0	0	0	0	0	0	0	0	0	0	T*0.133	C*0.095	A*0.212	0	0	0	0	C*0.2*0.987172382769*0.332	0	0	0	A*0.2*0.989791803933*0.092	0	0	0	G*0.2*1.02419321183*0.133	0	0	0	0	0	0	0	0	0	0	0	0	0	0	0	0	G*0.2*0.983455277376*0.095	0	0	0	0	0	0	0	0	0	0	0	0	
CCT	0	0	0	0	T*0.2*0.997643683655*0.332	0	0	0	0	0	0	0	0	0	0	0	T*0.2*1.01293826277*0.332	0	0	0	0	C*0.332	A*0.092	G*0.133	A*0.2*1.00264209279*0.135	0	0	0	G*0.2*1.0373375788*0.095	0	0	0	0	0	A*0.2*0.996454158929*0.135	0	0	0	0	0	0	0	0	0	0	0	0	0	0	G*0.2*0.996879522561*0.095	0	0	0	0	0	0	0	0	0	0	0	
CCC	0	0	0	0	0	T*0.2*0.997643683655*0.332	0	0	0	0	0	0	0	0	0	0	0	T*0.2*1.01293826277*0.332	0	0	T*0.332	0	A*0.135	G*0.095	0	A*0.2*1.00264209279*0.135	0	0	0	G*0.2*1.0373375788*0.095	0	0	0	0	0	A*0.2*0.996454158929*0.135	0	0	0	0	0	0	0	0	0	0	0	0	0	0	G*0.2*0.996879522561*0.095	0	0	0	0	0	0	0	0	0	0	
CCA	0	0	0	0	0	0	T*0.2*0.997643683655*0.332	0	0	0	0	0	0	0	0	0	0	0	T*0.2*1.01293826277*0.332	0	T*0.092	C*0.135	0	G*0.212	0	0	A*0.2*1.00264209279*0.135	0	0	0	G*0.2*1.0373375788*0.095	0	0	0	0	0	A*0.2*0.996814626401*0.135	0	0	0	0	0	0	0	0	0	0	0	0	0	0	G*0.2*0.996879522561*0.095	0	0	0	0	0	0	0	0	0	
CCG	0	0	0	0	0	0	0	T*0.2*0.997643683655*0.332	0	0	0	0	0	0	0	0	0	0	0	T*0.2*1.01293826277*0.332	T*0.133	C*0.095	A*0.212	0	0	0	0	A*0.2*1.00264209279*0.135	0	0	0	G*0.2*1.0373375788*0.095	0	0	0	0	0	A*0.2*0.996814626401*0.135	0	0	0	0	0	0	0	0	0	0	0	0	0	0	G*0.2*0.996879522561*0.095	0	0	0	0	0	0	0	0	
ACT	0	0	0	0	0	0	0	0	T*0.2*0.994685956497*0.332	0	0	0	0	0	0	0	T*0.2*1.01027814393*0.092	0	0	0	C*0.2*0.997362552794*0.135	0	0	0	0	C*0.332	A*0.092	G*0.133	G*0.2*1.03463523174*0.212	0	0	0	0	0	0	0	0	0	A*0.2*0.994392046402*0.135	0	0	0	0	0	0	0	0	0	0	0	0	0	0	G*0.2*1.01027814393*0.095	0	0	0	0	0	0	0	
ACC	0	0	0	0	0	0	0	0	0	T*0.2*0.994685956497*0.332	0	0	0	0	0	0	0	T*0.2*1.01027814393*0.092	0	0	0	C*0.2*0.997362552794*0.135	0	0	T*0.332	0	A*0.135	G*0.095	0	G*0.2*1.03463523174*0.212	0	0	0	0	0	0	0	0	0	A*0.2*0.994392046402*0.135	0	0	0	0	0	0	0	0	0	0	0	0	0	0	G*0.2*1.01027814393*0.095	0	0	0	0	0	0	
ACA	0	0	0	0	0	0	0	0	0	0	T*0.2*0.994685956497*0.332	0	0	0	0	0	0	0	T*0.2*1.01027814393*0.092	0	0	0	C*0.2*0.997362552794*0.135	0	T*0.092	C*0.135	0	G*0.212	0	0	G*0.2*1.03463523174*0.212	0	0	0	0	0	0	0	0	0	A*0.2*0.994027310562*0.135	0	0	0	0	0	0	0	0	0	0	0	0	0	0	G*0.2*0.99424757262*0.095	0	0	0	0	0	
ACG	0	0	0	0	0	0	0	0	0	0	0	T*0.2*0.994242892678*0.332	0	0	0	0	0	0	0	T*0.2*1.01027814393*0.092	0	0	0	C*0.2*0.997362552794*0.135	T*0.133	C*0.095	A*0.212	0	0	0	0	G*0.2*1.03463523174*0.212	0	0	0	0	0	0	0	0	0	A*0.2*0.994027310562*0.135	0	0	0	0	0	0	0	0	0	0	0	0	0	0	G*0.2*0.99424757262*0.095	0	0	0	0	
GCT	0	0	0	0	0	0	0	0	0	0	0	0	T*0.2*0.965621786773*0.332	0	0	0	T*0.2*0.976190811827*0.133	0	0	0	C*0.2*0.963569298804*0.095	0	0	0	A*0.2*0.966146491736*0.212	0	0	0	0	C*0.332	A*0.092	G*0.133	0	0	0	0	0	0	0	0	0	0	A*0.2*0.96040967653*0.135	0	0	0	0	0	0	0	0	0	0	0	0	0	0	G*0.2*0.971663221517*0.095	0	0	0	
GCC	0	0	0	0	0	0	0	0	0	0	0	0	0	T*0.2*0.965621786773*0.332	0	0	0	T*0.2*0.976190811827*0.133	0	0	0	C*0.2*0.963569298804*0.095	0	0	0	A*0.2*0.966146491736*0.212	0	0	T*0.332	0	A*0.135	G*0.095	0	0	0	0	0	0	0	0	0	0	0	A*0.2*0.96040967653*0.135	0	0	0	0	0	0	0	0	0	0	0	0	0	0	G*0.2*0.971663221517*0.095	0	0	
GCA	0	0	0	0	0	0	0	0	0	0	0	0	0	0	T*0.2*0.965621786773*0.332	0	0	0	T*0.2*0.976190811827*0.133	0	0	0	C*0.2*0.963569298804*0.095	0	0	0	A*0.2*0.966146491736*0.212	0	T*0.092	C*0.135	0	G*0.212	0	0	0	0	0	0	0	0	0	0	0	0	A*0.2*0.96068197831*0.135	0	0	0	0	0	0	0	0	0	0	0	0	0	0	G*0.2*0.971663221517*0.095	0	
GCG	0	0	0	0	0	0	0	0	0	0	0	0	0	0	0	T*0.2*0.965621786773*0.332	0	0	0	T*0.2*0.976190811827*0.133	0	0	0	C*0.2*0.963569298804*0.095	0	0	0	A*0.2*0.966146491736*0.212	T*0.133	C*0.095	A*0.212	0	0	0	0	0	0	0	0	0	0	0	0	0	0	A*0.2*0.96068197831*0.135	0	0	0	0	0	0	0	0	0	0	0	0	0	0	G*0.2*0.971663221517*0.095	
TAT	T*0.2*1.00020025937*0.092	0	0	0	0	0	0	0	0	0	0	0	0	0	0	0	C*0.2*1.0164984499*0.135	0	0	0	0	0	0	0	0	0	0	0	0	0	0	0	0	C*0.332	C*0.2*0.999975721197*0.332	0	0	0	A*0.2*1.00054715676*0.092	0	0	0	G*0.2*1.00028293868*0.133	0	0	0	G*0.2*1.0030812412*0.212	0	0	0	0	0	0	0	0	0	0	0	0	0	0	
TAC	0	T*0.2*1.00020025937*0.092	0	0	0	0	0	0	0	0	0	0	0	0	0	0	0	C*0.2*1.0164984499*0.135	0	0	0	0	0	0	0	0	0	0	0	0	0	0	T*0.332	0	0	C*0.2*0.999975721197*0.332	0	0	0	A*0.2*1.00054715676*0.092	0	0	0	G*0.2*1.00028293868*0.133	0	0	0	G*0.2*1.0030812412*0.212	0	0	0	0	0	0	0	0	0	0	0	0	0	
CAT	0	0	0	0	T*0.2*1.00119234552*0.092	0	0	0	0	0	0	0	0	0	0	0	0	0	0	0	C*0.2*1.00355424293*0.135	0	0	0	0	0	0	0	0	0	0	0	T*0.2*1.0000242792*0.332	0	0	C*0.332	A*0.2*1.00036132251*0.092	G*0.2*1.00036132251*0.133	A*0.2*1.00057144481*0.135	0	0	0	G*0.2*1.00030722246*0.095	0	0	0	0	0	0	G*0.2*1.00042637258*0.212	0	0	0	0	0	0	0	0	0	0	0	
CAC	0	0	0	0	0	T*0.2*1.00119234552*0.092	0	0	0	0	0	0	0	0	0	0	0	0	0	0	0	C*0.2*1.00355424293*0.135	0	0	0	0	0	0	0	0	0	0	0	T*0.2*1.0000242792*0.332	T*0.332	0	A*0.2*1.00036132251*0.135	G*0.2*1.00036132251*0.095	0	A*0.2*1.00057144481*0.135	0	0	0	G*0.2*1.00030722246*0.095	0	0	0	0	0	0	G*0.2*1.00042637258*0.212	0	0	0	0	0	0	0	0	0	0	
CAA	0	0	0	0	0	0	T*0.2*1.00083082296*0.092	0	0	0	0	0	0	0	0	0	0	0	0	0	0	0	C*0.2*1.0031921524*0.135	0	0	0	0	0	0	0	0	0	0	0	T*0.2*0.999638764507*0.092	C*0.2*0.999638764507*0.135	0	G*0.212	0	0	A*0.2*0.999843913122*0.135	0	0	0	G*0.2*1.00022568698*0.095	0	0	0	0	0	0	G*0.2*1.00006503441*0.212	0	0	0	0	0	0	0	0	0	
CAG	0	0	0	0	0	0	0	T*0.2*1.00083082296*0.092	0	0	0	0	0	0	0	0	0	0	0	0	0	0	0	C*0.2*1.0031921524*0.135	0	0	0	0	0	0	0	0	0	0	T*0.2*0.999638764507*0.133	C*0.2*0.999638764507*0.095	A*0.212	0	0	0	0	A*0.2*0.999843913122*0.135	0	0	0	G*0.2*1.00022568698*0.095	0	0	0	0	0	0	G*0.2*1.00006503441*0.212	0	0	0	0	0	0	0	0	
AAT	0	0	0	0	0	0	0	0	T*0.2*1.00029501501*0.092	0	0	0	0	0	0	0	0	0	0	0	0	0	0	0	C*0.2*1.0056289984*0.135	0	0	0	0	0	0	0	T*0.2*0.999453042757*0.092	0	C*0.2*0.999428772808*0.135	0	0	0	0	C*0.332	A*0.2*0.999633892689*0.092	G*0.2*0.999633892689*0.133	G*0.2*0.999735878257*0.212	0	0	0	0	0	0	0	0	0	0	G*0.2*1.01594550853*0.212	0	0	0	0	0	0	0	
AAC	0	0	0	0	0	0	0	0	0	T*0.2*1.00029501501*0.092	0	0	0	0	0	0	0	0	0	0	0	0	0	0	0	C*0.2*1.0056289984*0.135	0	0	0	0	0	0	0	T*0.2*0.999453042757*0.092	0	C*0.2*0.999428772808*0.135	0	0	T*0.332	0	A*0.2*0.999633892689*0.135	G*0.2*0.999633892689*0.095	0	G*0.2*0.999735878257*0.212	0	0	0	0	0	0	0	0	0	0	G*0.2*1.01594550853*0.212	0	0	0	0	0	0	
AAA	0	0	0	0	0	0	0	0	0	0	T*0.2*1.0006612837*0.092	0	0	0	0	0	0	0	0	0	0	0	0	0	0	0	C*0.2*1.00599656656*0.135	0	0	0	0	0	0	0	0	0	C*0.2*1.00015610312*0.135	0	T*0.2*1.00036619669*0.092	C*0.2*1.00036619669*0.135	0	G*0.212	0	0	G*0.2*1.00038181358*0.212	0	0	0	0	0	0	0	0	0	0	G*0.2*1.0002211443*0.212	0	0	0	0	0	
AAG	0	0	0	0	0	0	0	0	0	0	0	T*0.2*1.00021644561*0.092	0	0	0	0	0	0	0	0	0	0	0	0	0	0	0	C*0.2*1.00599656656*0.135	0	0	0	0	0	0	0	0	0	C*0.2*1.00015610312*0.135	T*0.2*1.00036619669*0.133	C*0.2*1.00036619669*0.095	A*0.212	0	0	0	0	G*0.2*1.00038181358*0.212	0	0	0	0	0	0	0	0	0	0	G*0.2*1.0002211443*0.212	0	0	0	0	
GAT	0	0	0	0	0	0	0	0	0	0	0	0	T*0.2*1.00535508599*0.092	0	0	0	0	0	0	0	0	0	0	0	0	0	0	0	C*0.2*1.04066365853*0.135	0	0	0	T*0.2*0.99971711468*0.133	0	C*0.2*0.999692840456*0.095	0	0	0	A*0.2*1.00026416826*0.212	0	0	0	0	C*0.332	A*0.2*1.00027978409*0.092	G*0.2*1.00027978409*0.133	0	0	0	0	0	0	0	0	0	0	0	G*0.2*1.01156160737*0.212	0	0	0	
GAC	0	0	0	0	0	0	0	0	0	0	0	0	0	T*0.2*1.00535508599*0.092	0	0	0	0	0	0	0	0	0	0	0	0	0	0	0	C*0.2*1.04066365853*0.135	0	0	0	T*0.2*0.99971711468*0.133	0	C*0.2*0.999692840456*0.095	0	0	0	A*0.2*1.00026416826*0.212	0	0	T*0.332	0	A*0.2*1.00027978409*0.135	G*0.2*1.00027978409*0.095	0	0	0	0	0	0	0	0	0	0	0	0	G*0.2*1.01156160737*0.212	0	0	
GAA	0	0	0	0	0	0	0	0	0	0	0	0	0	0	T*0.2*1.00507435711*0.092	0	0	0	0	0	0	0	0	0	0	0	0	0	0	0	C*0.2*1.04037644431*0.135	0	0	0	0	0	C*0.2*0.999774346975*0.095	0	0	0	A*0.2*0.999618283581*0.212	0	T*0.2*0.999720268088*0.092	C*0.2*0.999720268088*0.135	0	G*0.212	0	0	0	0	0	0	0	0	0	0	0	0	0	G*0.2*1.01127972744*0.212	0	
GAG	0	0	0	0	0	0	0	0	0	0	0	0	0	0	0	T*0.2*1.00507435711*0.092	0	0	0	0	0	0	0	0	0	0	0	0	0	0	0	C*0.2*1.04037644431*0.135	0	0	0	0	0	C*0.2*0.999774346975*0.095	0	0	0	A*0.2*0.999618283581*0.212	T*0.2*0.999720268088*0.133	C*0.2*0.999720268088*0.095	A*0.212	0	0	0	0	0	0	0	0	0	0	0	0	0	0	0	G*0.2*1.01127972744*0.212	
TGT	T*0.2*0.997124923647*0.133	0	0	0	0	0	0	0	0	0	0	0	0	0	0	0	C*0.2*1.01338985444*0.095	0	0	0	0	0	0	0	0	0	0	0	0	0	0	0	A*0.2*0.996925075196*0.212	0	0	0	0	0	0	0	0	0	0	0	0	0	0	C*0.332	G*0.2*0.996697280012*0.133	C*0.2*0.99732633708*0.332	0	0	0	A*0.2*1.01338985444*0.092	0	0	0	G*0.2*1.00874757891*0.133	0	0	0	
TGC	0	T*0.2*0.997124923647*0.133	0	0	0	0	0	0	0	0	0	0	0	0	0	0	0	C*0.2*1.01338985444*0.095	0	0	0	0	0	0	0	0	0	0	0	0	0	0	0	A*0.2*0.996925075196*0.212	0	0	0	0	0	0	0	0	0	0	0	0	T*0.332	0	G*0.2*0.996697280012*0.095	0	C*0.2*0.99732633708*0.332	0	0	0	A*0.2*1.01338985444*0.092	0	0	0	G*0.2*1.00874757891*0.133	0	0	
TGG	0	0	0	T*0.2*1.00139652349*0.133	0	0	0	0	0	0	0	0	0	0	0	0	0	0	0	C*0.2*1.01672924538*0.095	0	0	0	0	0	0	0	0	0	0	0	0	0	0	0	0	0	0	0	0	0	0	0	0	0	0	T*0.2*1.00331000801*0.133	C*0.2*1.00331000801*0.095	0	0	0	0	C*0.2*1.00063044643*0.332	0	0	0	A*0.2*1.00063044643*0.092	0	0	0	G*0.2*1.01207681248*0.133	
CGT	0	0	0	0	T*0.2*1.00076575536*0.133	0	0	0	0	0	0	0	0	0	0	0	0	0	0	0	C*0.2*1.00312698256*0.095	0	0	0	0	0	0	0	0	0	0	0	0	0	A*0.2*0.999573748581*0.212	0	0	0	0	0	0	0	0	0	0	0	T*0.2*1.00267843708*0.332	0	0	0	C*0.332	A*0.092	G*0.133	A*0.2*1.01609207304*0.135	0	0	0	G*0.2*1.01144157648*0.095	0	0	0	
CGC	0	0	0	0	0	T*0.2*1.00076575536*0.133	0	0	0	0	0	0	0	0	0	0	0	0	0	0	0	C*0.2*1.00312698256*0.095	0	0	0	0	0	0	0	0	0	0	0	0	0	A*0.2*0.999573748581*0.212	0	0	0	0	0	0	0	0	0	0	0	T*0.2*1.00267843708*0.332	0	T*0.332	0	A*0.135	G*0.095	0	A*0.2*1.01609207304*0.135	0	0	0	G*0.2*1.01144157648*0.095	0	0	
CGA	0	0	0	0	0	0	T*0.2*1.00076575536*0.133	0	0	0	0	0	0	0	0	0	0	0	0	0	0	0	C*0.2*1.00312698256*0.095	0	0	0	0	0	0	0	0	0	0	0	0	0	A*0.2*0.999934968409*0.212	0	0	0	0	0	0	0	0	0	0	0	0	T*0.092	C*0.135	0	G*0.212	0	0	A*0.135	0	0	0	G*0.2*1.01144157648*0.095	0	
CGG	0	0	0	0	0	0	0	T*0.2*1.00076575536*0.133	0	0	0	0	0	0	0	0	0	0	0	0	0	0	0	C*0.2*1.00312698256*0.095	0	0	0	0	0	0	0	0	0	0	0	0	0	A*0.2*0.999934968409*0.212	0	0	0	0	0	0	0	0	0	0	T*0.2*0.999369818432*0.332	T*0.133	C*0.095	A*0.212	0	0	0	0	A*0.135	0	0	0	G*0.2*1.01144157648*0.095	
AGT	0	0	0	0	0	0	0	0	T*0.2*0.98451411233*0.133	0	0	0	0	0	0	0	0	0	0	0	0	0	0	0	C*0.2*0.989791803933*0.095	0	0	0	0	0	0	0	0	0	0	0	0	0	A*0.2*0.984222216531*0.212	0	0	0	0	0	0	0	T*0.2*0.986728614441*0.092	0	0	C*0.2*0.984078733036*0.135	0	0	0	0	C*0.332	A*0.2*0.984078733036*0.092	G*0.2*0.984078733036*0.133	G*0.2*0.995398679107*0.212	0	0	0	
AGC	0	0	0	0	0	0	0	0	0	T*0.2*0.98451411233*0.133	0	0	0	0	0	0	0	0	0	0	0	0	0	0	0	C*0.2*0.989791803933*0.095	0	0	0	0	0	0	0	0	0	0	0	0	0	A*0.2*0.984222216531*0.212	0	0	0	0	0	0	0	T*0.2*0.986728614441*0.092	0	0	C*0.2*0.984078733036*0.135	0	0	T*0.332	0	A*0.2*0.984078733036*0.135	G*0.2*0.984078733036*0.095	0	G*0.2*0.995398679107*0.212	0	0	
AGA	0	0	0	0	0	0	0	0	0	0	T*0.2*1.00044007454*0.133	0	0	0	0	0	0	0	0	0	0	0	0	0	0	0	C*0.2*1.00577457262*0.095	0	0	0	0	0	0	0	0	0	0	0	0	0	A*0.2*0.999778888299*0.212	0	0	0	0	0	0	0	0	0	0	C*0.135	0	T*0.2*1.01609207304*0.092	C*0.2*1.01609207304*0.135	0	G*0.212	0	0	G*0.2*1.01144157648*0.212	0	
AGG	0	0	0	0	0	0	0	0	0	0	0	T*0.2*0.99999530201*0.133	0	0	0	0	0	0	0	0	0	0	0	0	0	0	0	C*0.2*1.00577457262*0.095	0	0	0	0	0	0	0	0	0	0	0	0	0	A*0.2*0.999778888299*0.212	0	0	0	0	0	0	T*0.2*0.999369818432*0.092	0	0	0	C*0.135	T*0.2*1.01609207304*0.133	C*0.2*1.01609207304*0.095	A*0.212	0	0	0	0	G*0.2*1.01144157648*0.212	
GGT	0	0	0	0	0	0	0	0	0	0	0	0	T*0.2*0.99384086713*0.133	0	0	0	0	0	0	0	0	0	0	0	0	0	0	0	C*0.2*1.02888242152*0.095	0	0	0	0	0	0	0	0	0	0	0	0	0	A*0.2*0.988526825374*0.212	0	0	0	T*0.2*0.991303138912*0.133	0	0	C*0.2*0.988645036478*0.095	0	0	0	A*0.2*1.00461547911*0.212	0	0	0	0	C*0.332	A*0.092	G*0.133	
GGC	0	0	0	0	0	0	0	0	0	0	0	0	0	T*0.2*0.99384086713*0.133	0	0	0	0	0	0	0	0	0	0	0	0	0	0	0	C*0.2*1.02888242152*0.095	0	0	0	0	0	0	0	0	0	0	0	0	0	A*0.2*0.988526825374*0.212	0	0	0	T*0.2*0.991303138912*0.133	0	0	C*0.2*0.988645036478*0.095	0	0	0	A*0.2*1.00461547911*0.212	0	0	T*0.332	0	A*0.135	G*0.095	
GGA	0	0	0	0	0	0	0	0	0	0	0	0	0	0	T*0.2*0.99384086713*0.133	0	0	0	0	0	0	0	0	0	0	0	0	0	0	0	C*0.2*1.02888242152*0.095	0	0	0	0	0	0	0	0	0	0	0	0	0	A*0.2*0.988804461444*0.212	0	0	0	0	0	0	C*0.2*0.988645036478*0.095	0	0	0	A*0.2*0.988645036478*0.212	0	T*0.092	C*0.135	0	G*0.212	
GGG	0	0	0	0	0	0	0	0	0	0	0	0	0	0	0	T*0.2*0.99384086713*0.133	0	0	0	0	0	0	0	0	0	0	0	0	0	0	0	C*0.2*1.02888242152*0.095	0	0	0	0	0	0	0	0	0	0	0	0	0	A*0.2*0.988804461444*0.212	0	0	T*0.2*0.988019644479*0.133	0	0	0	C*0.2*0.988645036478*0.095	0	0	0	A*0.2*0.988645036478*0.212	T*0.133	C*0.095	A*0.212	0	
@Multipliers
A=0.21
C=0.24
T=0.26
G=0.29
